1257
100.000000 0.000000
99.998750 0.499998
99.995000 0.999983
99.988750 1.499944
99.980001 1.999867
99.968752 2.499740
99.955003 2.999550
99.938756 3.499285
99.920011 3.998933
99.898767 4.498481
99.875026 4.997917
99.848788 5.497228
99.820054 5.996401
99.788824 6.495424
99.755100 6.994285
99.718882 7.492971
99.680171 7.991469
99.638967 8.489768
99.595273 8.987855
99.549089 9.485717
99.500417 9.983342
99.449256 10.480717
99.395610 10.977830
99.339478 11.474669
99.280864 11.971221
99.219767 12.467473
99.156189 12.963414
99.090133 13.459031
99.021600 13.954311
98.950591 14.449243
98.877108 14.943813
98.801153 15.438010
98.722728 15.931821
98.641836 16.425233
98.558477 16.918235
98.472654 17.410814
98.384369 17.902957
98.293625 18.394653
98.200424 18.885889
98.104767 19.376653
98.006658 19.866933
97.906098 20.356716
97.803091 20.845990
97.697639 21.334743
97.589745 21.822962
97.479411 22.310636
97.366640 22.797752
97.251434 23.284299
97.133797 23.770263
97.013732 24.255632
96.891242 24.740396
96.766330 25.224541
96.638998 25.708055
96.509250 26.190927
96.377090 26.673144
96.242520 27.154694
96.105544 27.635565
95.966165 28.115745
95.824388 28.595223
95.680214 29.073985
95.533649 29.552021
95.384695 30.029318
95.233357 30.505864
95.079638 30.981647
94.923542 31.456656
94.765073 31.930879
94.604234 32.404303
94.441031 32.876917
94.275467 33.348709
94.107545 33.819668
93.937271 34.289781
93.764649 34.759037
93.589682 35.227423
93.412376 35.694929
93.232735 36.161543
93.050762 36.627253
92.866464 37.092047
92.679843 37.555914
92.490906 38.018842
92.299656 38.480819
92.106099 38.941834
91.910240 39.401876
91.712082 39.860933
91.511632 40.318993
91.308894 40.776045
91.103873 41.232078
90.896575 41.687080
90.687004 42.141040
90.475166 42.593947
90.261067 43.045788
90.044710 43.496553
89.826103 43.946231
89.605250 44.394811
89.382157 44.842280
89.156829 45.288629
88.929272 45.733845
88.699492 46.177918
88.467495 46.620836
88.233286 47.062589
87.996871 47.503165
87.758256 47.942554
87.517447 48.380744
87.274451 48.817725
87.029272 49.253485
86.781918 49.688014
86.532394 50.121300
86.280707 50.553334
86.026863 50.984104
85.770868 51.413599
85.512729 51.841809
85.252452 52.268723
84.990044 52.694330
84.725511 53.118620
84.458860 53.541582
84.190098 53.963205
83.919230 54.383479
83.646265 54.802394
83.371209 55.219938
83.094068 55.636102
82.814850 56.050875
82.533561 56.464247
82.250210 56.876208
81.964802 57.286746
81.677345 57.695852
81.387846 58.103516
81.096312 58.509727
80.802751 58.914476
80.507170 59.317751
80.209576 59.719544
79.909977 60.119844
79.608380 60.518641
79.304793 60.915924
78.999223 61.311685
78.691679 61.705913
78.382167 62.098599
78.070695 62.489732
77.757272 62.879302
77.441905 63.267301
77.124601 63.653718
76.805370 64.038544
76.484219 64.421769
76.161155 64.803383
75.836188 65.183377
75.509324 65.561742
75.180573 65.938467
74.849942 66.313544
74.517440 66.686964
74.183075 67.058716
73.846856 67.428791
73.508790 67.797181
73.168887 68.163876
72.827154 68.528867
72.483601 68.892145
72.138236 69.253700
71.791067 69.613524
71.442103 69.971608
71.091354 70.327942
70.738827 70.682518
70.384532 71.035327
70.028477 71.386360
69.670671 71.735609
69.311124 72.083064
68.949843 72.428717
68.586839 72.772560
68.222121 73.114583
67.855697 73.454778
67.487576 73.793137
67.117768 74.129651
66.746283 74.464312
66.373128 74.797111
65.998315 75.128041
65.621851 75.457092
65.243747 75.784256
64.864012 76.109526
64.482655 76.432894
64.099686 76.754350
63.715114 77.073888
63.328950 77.391499
62.941203 77.707175
62.551882 78.020908
62.160997 78.332691
61.768558 78.642515
61.374575 78.950374
60.979058 79.256259
60.582016 79.560162
60.183459 79.862076
59.783398 80.161994
59.381843 80.459908
58.978803 80.755810
58.574288 81.049693
58.168309 81.341550
57.760876 81.631374
57.351999 81.919157
56.941688 82.204892
56.529953 82.488571
56.116805 82.770189
55.702255 83.049737
55.286311 83.327209
54.868986 83.602598
54.450289 83.875897
54.030231 84.147098
53.608821 84.416197
53.186072 84.683184
52.761993 84.948055
52.336595 85.210802
51.909889 85.471419
51.481884 85.729899
51.052593 85.986236
50.622026 86.240423
50.190193 86.492454
49.757105 86.742323
49.322773 86.990023
48.887208 87.235548
48.450421 87.478893
48.012423 87.720050
47.573224 87.959015
47.132836 88.195781
46.691270 88.430341
46.248537 88.662691
45.804647 88.892825
45.359612 89.120736
44.913443 89.346419
44.466152 89.569869
44.017748 89.791079
43.568245 90.010044
43.117652 90.226759
42.665981 90.441219
42.213243 90.653417
41.759450 90.863350
41.304614 91.071010
40.848744 91.276394
40.391853 91.479496
39.933953 91.680311
39.475054 91.878834
39.015168 92.075060
38.554307 92.268984
38.092482 92.460601
37.629705 92.649907
37.165987 92.836897
36.701340 93.021565
36.235775 93.203909
35.769305 93.383922
35.301940 93.561600
34.833693 93.736940
34.364575 93.909936
33.894597 94.080584
33.423773 94.248880
32.952112 94.414820
32.479628 94.578400
32.006332 94.739615
31.532236 94.898462
31.057352 95.054936
30.581691 95.209034
30.105265 95.360752
29.628087 95.510086
29.150169 95.657032
28.671521 95.801586
28.192157 95.943746
27.712088 96.083506
27.231326 96.220865
26.749883 96.355819
26.267771 96.488363
25.785003 96.618495
25.301590 96.746212
24.817545 96.871510
24.332879 96.994386
23.847605 97.114838
23.361735 97.232861
22.875281 97.348454
22.388255 97.461613
21.900669 97.572336
21.412535 97.680619
20.923867 97.786460
20.434675 97.889857
19.944972 97.990806
19.454771 98.089306
18.964083 98.185353
18.472921 98.278946
17.981298 98.370081
17.489225 98.458758
16.996714 98.544973
16.503779 98.628724
16.010431 98.710010
15.516683 98.788828
15.022547 98.865176
14.528035 98.939053
14.033161 99.010456
13.537935 99.079384
13.042371 99.145835
12.546481 99.209807
12.050277 99.271299
11.553772 99.330309
11.056978 99.386836
10.559908 99.440879
10.062573 99.492435
9.564987 99.541504
9.067162 99.588084
8.569111 99.632175
8.070845 99.673775
7.572377 99.712883
7.073720 99.749499
6.574886 99.783620
6.075888 99.815247
5.576738 99.844379
5.077448 99.871014
4.578032 99.895153
4.078501 99.916795
3.578868 99.935938
3.079146 99.952583
2.579347 99.966729
2.079483 99.978376
1.579567 99.987524
1.079612 99.994172
0.579629 99.998320
0.079633 99.999968
-0.420366 99.999116
-0.920354 99.995765
-1.420320 99.989913
-1.920249 99.981562
-2.420131 99.970711
-2.919952 99.957360
-3.419700 99.941511
-3.919363 99.923163
-4.418928 99.902318
-4.918382 99.878974
-5.417714 99.853134
-5.916909 99.824797
-6.415957 99.793965
-6.914845 99.760638
-7.413560 99.724817
-7.912089 99.686503
-8.410420 99.645696
-8.908542 99.602399
-9.406440 99.556611
-9.904104 99.508335
-10.401519 99.457571
-10.898675 99.404320
-11.395559 99.348585
-11.892157 99.290365
-12.388458 99.229663
-12.884449 99.166481
-13.380119 99.100819
-13.875453 99.032680
-14.370441 98.962066
-14.865070 98.888977
-15.359327 98.813415
-15.853200 98.735384
-16.346677 98.654884
-16.839745 98.571918
-17.332392 98.486487
-17.824606 98.398595
-18.316374 98.308242
-18.807684 98.215432
-19.298524 98.120166
-19.788881 98.022447
-20.278744 97.922278
-20.768100 97.819661
-21.256937 97.714598
-21.745242 97.607092
-22.233004 97.497146
-22.720209 97.384763
-23.206847 97.269945
-23.692905 97.152696
-24.178370 97.033017
-24.663231 96.910913
-25.147475 96.786386
-25.631091 96.659439
-26.114066 96.530076
-26.596388 96.398300
-27.078045 96.264113
-27.559025 96.127520
-28.039316 95.988524
-28.518906 95.847128
-28.997783 95.703336
-29.475935 95.557152
-29.953351 95.408578
-30.430017 95.257619
-30.905923 95.104279
-31.381056 94.948561
-31.855405 94.790470
-32.328957 94.630009
-32.801701 94.467182
-33.273625 94.301993
-33.744717 94.134447
-34.214965 93.964547
-34.684358 93.792299
-35.152884 93.617705
-35.620531 93.440771
-36.087288 93.261501
-36.553142 93.079900
-37.018083 92.895972
-37.482098 92.709721
-37.945176 92.521152
-38.407306 92.330270
-38.868475 92.137081
-39.328673 91.941587
-39.787887 91.743796
-40.246107 91.543710
-40.703321 91.341336
-41.159517 91.136679
-41.614684 90.929743
-42.068810 90.720534
-42.521885 90.509056
-42.973897 90.295316
-43.424835 90.079319
-43.874687 89.861070
-44.323442 89.640574
-44.771089 89.417837
-45.217616 89.192865
-45.663013 88.965663
-46.107269 88.736237
-46.550372 88.504592
-46.992311 88.270735
-47.433076 88.034671
-47.872654 87.796406
-48.311036 87.555947
-48.748210 87.313298
-49.184166 87.068467
-49.618891 86.821458
-50.052377 86.572280
-50.484610 86.320937
-50.915582 86.067436
-51.345281 85.811783
-51.773697 85.553985
-52.200818 85.294048
-52.626633 85.031979
-53.051134 84.767784
-53.474308 84.501470
-53.896145 84.233043
-54.316635 83.962511
-54.735767 83.689879
-55.153530 83.415155
-55.569915 83.138346
-55.984910 82.859458
-56.398506 82.578499
-56.810692 82.295476
-57.221457 82.010395
-57.630792 81.723264
-58.038686 81.434089
-58.445130 81.142879
-58.850112 80.849640
-59.253623 80.554380
-59.655652 80.257107
-60.056190 79.957826
-60.455227 79.656547
-60.852752 79.353277
-61.248757 79.048022
-61.643229 78.740792
-62.036161 78.431593
-62.427542 78.120433
-62.817362 77.807320
-63.205612 77.492262
-63.592282 77.175266
-63.977361 76.856341
-64.360842 76.535495
-64.742713 76.212736
-65.122966 75.888071
-65.501591 75.561509
-65.878578 75.233058
-66.253918 74.902726
-66.627602 74.570521
-66.999620 74.236452
-67.369964 73.900528
-67.738623 73.562756
-68.105588 73.223144
-68.470851 72.881703
-68.834402 72.538439
-69.196232 72.193361
-69.556333 71.846479
-69.914694 71.497801
-70.271308 71.147335
-70.626164 70.795091
-70.979256 70.441077
-71.330572 70.085301
-71.680106 69.727774
-72.027847 69.368503
-72.373788 69.007498
-72.717919 68.644768
-73.060233 68.280322
-73.400720 67.914169
-73.739372 67.546318
-74.076180 67.176778
-74.411137 66.805559
-74.744233 66.432670
-75.075460 66.058120
-75.404811 65.681919
-75.732277 65.304075
-76.057849 64.924599
-76.381520 64.543500
-76.703282 64.160787
-77.023125 63.776470
-77.341044 63.390559
-77.657028 63.003063
-77.971072 62.613992
-78.283166 62.223356
-78.593303 61.831164
-78.901475 61.437426
-79.207674 61.042152
-79.511894 60.645352
-79.814125 60.247036
-80.114362 59.847214
-80.412595 59.445896
-80.708818 59.043092
-81.003023 58.638811
-81.295204 58.233065
-81.585352 57.825863
-81.873460 57.417215
-82.159521 57.007132
-82.443529 56.595623
-82.725475 56.182700
-83.005354 55.768372
-83.283157 55.352650
-83.558878 54.935544
-83.832510 54.517064
-84.104046 54.097222
-84.373480 53.676027
-84.640804 53.253491
-84.906012 52.829623
-85.169098 52.404434
-85.430055 51.977935
-85.688875 51.550137
-85.945554 51.121050
-86.200084 50.690685
-86.452459 50.259053
-86.702672 49.826164
-86.950718 49.392030
-87.196590 48.956661
-87.440283 48.520068
-87.681789 48.082261
-87.921103 47.643253
-88.158220 47.203054
-88.393132 46.761675
-88.625834 46.319126
-88.856321 45.875420
-89.084587 45.430567
-89.310625 44.984578
-89.534431 44.537464
-89.755998 44.089237
-89.975321 43.639908
-90.192395 43.189488
-90.407214 42.737988
-90.619773 42.285420
-90.830067 41.831794
-91.038089 41.377123
-91.243836 40.921417
-91.447302 40.464688
-91.648481 40.006948
-91.847370 39.548207
-92.043962 39.088478
-92.238253 38.627771
-92.430238 38.166099
-92.619912 37.703473
-92.807271 37.239904
-92.992310 36.775404
-93.175024 36.309985
-93.355408 35.843658
-93.533459 35.376435
-93.709171 34.908327
-93.882540 34.439347
-94.053563 33.969505
-94.222234 33.498815
-94.388550 33.027287
-94.552506 32.554933
-94.714098 32.081766
-94.873322 31.607796
-95.030174 31.133037
-95.184651 30.657499
-95.336748 30.181194
-95.486462 29.704135
-95.633788 29.226334
-95.778724 28.747801
-95.921265 28.268550
-96.061408 27.788593
-96.199150 27.307940
-96.334486 26.826605
-96.467415 26.344599
-96.597931 25.861935
-96.726033 25.378624
-96.851716 24.894679
-96.974979 24.410111
-97.095817 23.924933
-97.214227 23.439157
-97.330207 22.952795
-97.443754 22.465859
-97.554865 21.978361
-97.663537 21.490314
-97.769767 21.001730
-97.873553 20.512621
-97.974892 20.022998
-98.073782 19.532876
-98.170220 19.042265
-98.264204 18.551178
-98.355731 18.059627
-98.444800 17.567624
-98.531407 17.075183
-98.615551 16.582314
-98.697229 16.089031
-98.776440 15.595346
-98.853182 15.101271
-98.927452 14.606819
-98.999250 14.112001
-99.068572 13.616830
-99.135417 13.121319
-99.199785 12.625480
-99.261672 12.129326
-99.321077 11.632868
-99.378000 11.136119
-99.432438 10.639092
-99.484390 10.141799
-99.533856 9.644252
-99.580832 9.146464
-99.625320 8.648448
-99.667317 8.150215
-99.706822 7.651779
-99.743834 7.153151
-99.778353 6.654345
-99.810377 6.155372
-99.839906 5.656245
-99.866939 5.156977
-99.891476 4.657580
-99.913515 4.158066
-99.933056 3.658449
-99.950099 3.158740
-99.964644 2.658952
-99.976689 2.159098
-99.986235 1.659189
-99.993281 1.159239
-99.997827 0.659261
-99.999873 0.159265
-99.999420 -0.340734
-99.996466 -0.840725
-99.991012 -1.340694
-99.983059 -1.840631
-99.972606 -2.340521
-99.959654 -2.840353
-99.944203 -3.340113
-99.926253 -3.839790
-99.905805 -4.339372
-99.882859 -4.838844
-99.857417 -5.338196
-99.829478 -5.837414
-99.799043 -6.336487
-99.766113 -6.835401
-99.730689 -7.334144
-99.692772 -7.832703
-99.652362 -8.331067
-99.609462 -8.829223
-99.564070 -9.327158
-99.516190 -9.824859
-99.465822 -10.322315
-99.412968 -10.819513
-99.357628 -11.316441
-99.299804 -11.813086
-99.239497 -12.309435
-99.176710 -12.805476
-99.111443 -13.301198
-99.043698 -13.796587
-98.973478 -14.291631
-98.900783 -14.786317
-98.825615 -15.280634
-98.747977 -15.774569
-98.667870 -16.268110
-98.585297 -16.761244
-98.500258 -17.253959
-98.412758 -17.746242
-98.322797 -18.238082
-98.230378 -18.729466
-98.135503 -19.220382
-98.038175 -19.710817
-97.938395 -20.200760
-97.836168 -20.690197
-97.731494 -21.179117
-97.624378 -21.667508
-97.514820 -22.155357
-97.402825 -22.642652
-97.288395 -23.129381
-97.171532 -23.615532
-97.052240 -24.101093
-96.930522 -24.586050
-96.806381 -25.070394
-96.679819 -25.554110
-96.550841 -26.037188
-96.419448 -26.519615
-96.285646 -27.001378
-96.149436 -27.482467
-96.010822 -27.962869
-95.869808 -28.442571
-95.726398 -28.921563
-95.580594 -29.399831
-95.432401 -29.877365
-95.281821 -30.354151
-95.128860 -30.830179
-94.973521 -31.305436
-94.815807 -31.779910
-94.655723 -32.253590
-94.493273 -32.726464
-94.328460 -33.198519
-94.161289 -33.669744
-93.991764 -34.140128
-93.819889 -34.609658
-93.645669 -35.078323
-93.469107 -35.546111
-93.290209 -36.013010
-93.108979 -36.479009
-92.925421 -36.944096
-92.739539 -37.408259
-92.551340 -37.871487
-92.360826 -38.333769
-92.168003 -38.795092
-91.972877 -39.255445
-91.775451 -39.714817
-91.575730 -40.173196
-91.373720 -40.630570
-91.169426 -41.086929
-90.962853 -41.542261
-90.754005 -41.996554
-90.542889 -42.449797
-90.329509 -42.901979
-90.113871 -43.353088
-89.895980 -43.803114
-89.675842 -44.252044
-89.453461 -44.699869
-89.228845 -45.146575
-89.001998 -45.592153
-88.772925 -46.036591
-88.541634 -46.479879
-88.308128 -46.922004
-88.072415 -47.362956
-87.834501 -47.802725
-87.594390 -48.241298
-87.352090 -48.678665
-87.107606 -49.114815
-86.860944 -49.549737
-86.612110 -49.983421
-86.361112 -50.415855
-86.107954 -50.847028
-85.852643 -51.276931
-85.595187 -51.705551
-85.335590 -52.132879
-85.073860 -52.558904
-84.810003 -52.983614
-84.544026 -53.407000
-84.275935 -53.829051
-84.005738 -54.249756
-83.733440 -54.669105
-83.459049 -55.087087
-83.182572 -55.503692
-82.904014 -55.918909
-82.623385 -56.332728
-82.340690 -56.745139
-82.055936 -57.156132
-81.769131 -57.565695
-81.480281 -57.973820
-81.189395 -58.380495
-80.896479 -58.785710
-80.601540 -59.189456
-80.304587 -59.591722
-80.005625 -59.992499
-79.704664 -60.391775
-79.401710 -60.789542
-79.096771 -61.185789
-78.789855 -61.580506
-78.480969 -61.973684
-78.170121 -62.365313
-77.857318 -62.755382
-77.542569 -63.143883
-77.225882 -63.530805
-76.907264 -63.916138
-76.586723 -64.299874
-76.264268 -64.682002
-75.939906 -65.062514
-75.613645 -65.441398
-75.285495 -65.818647
-74.955462 -66.194250
-74.623555 -66.568199
-74.289783 -66.940483
-73.954153 -67.311093
-73.616674 -67.680021
-73.277355 -68.047257
-72.936205 -68.412792
-72.593230 -68.776616
-72.248441 -69.138721
-71.901846 -69.499097
-71.553453 -69.857736
-71.203272 -70.214629
-70.851310 -70.569766
-70.497577 -70.923139
-70.142081 -71.274739
-69.784833 -71.624557
-69.425839 -71.972584
-69.065110 -72.318812
-68.702654 -72.663233
-68.338480 -73.005836
-67.972598 -73.346614
-67.605017 -73.685559
-67.235746 -74.022662
-66.864794 -74.357914
-66.492170 -74.691307
-66.117884 -75.022833
-65.741945 -75.352483
-65.364362 -75.680250
-64.985145 -76.006124
-64.604304 -76.330098
-64.221848 -76.652164
-63.837786 -76.972314
-63.452128 -77.290540
-63.064883 -77.606833
-62.676063 -77.921186
-62.285675 -78.233591
-61.893730 -78.544040
-61.500238 -78.852525
-61.105208 -79.159040
-60.708651 -79.463575
-60.310575 -79.766124
-59.910993 -80.066678
-59.509912 -80.365231
-59.107344 -80.661775
-58.703298 -80.956302
-58.297784 -81.248805
-57.890813 -81.539277
-57.482395 -81.827711
-57.072539 -82.114099
-56.661257 -82.398434
-56.248558 -82.680709
-55.834453 -82.960917
-55.418953 -83.239051
-55.002066 -83.515105
-54.583805 -83.789070
-54.164179 -84.060940
-53.743199 -84.330709
-53.320876 -84.598370
-52.897219 -84.863916
-52.472240 -85.127340
-52.045949 -85.388636
-51.618357 -85.647797
-51.189475 -85.904818
-50.759313 -86.159690
-50.327881 -86.412409
-49.895192 -86.662967
-49.461255 -86.911358
-49.026082 -87.157577
-48.589683 -87.401617
-48.152070 -87.643472
-47.713252 -87.883136
-47.273242 -88.120603
-46.832050 -88.355866
-46.389687 -88.588921
-45.946164 -88.819761
-45.501493 -89.048381
-45.055684 -89.274774
-44.608749 -89.498936
-44.160699 -89.720860
-43.711544 -89.940541
-43.261297 -90.157974
-42.809968 -90.373152
-42.357569 -90.586071
-41.904111 -90.796726
-41.449606 -91.005111
-40.994064 -91.211220
-40.537497 -91.415050
-40.079917 -91.616594
-39.621335 -91.815847
-39.161763 -92.012805
-38.701211 -92.207463
-38.239692 -92.399816
-37.777217 -92.589859
-37.313797 -92.777586
-36.849445 -92.962995
-36.384171 -93.146079
-35.917988 -93.326835
-35.450907 -93.505258
-34.982939 -93.681343
-34.514097 -93.855086
-34.044392 -94.026482
-33.573836 -94.195528
-33.102441 -94.362219
-32.630218 -94.526551
-32.157179 -94.688520
-31.683337 -94.848122
-31.208702 -95.005352
-30.733287 -95.160207
-30.257104 -95.312684
-29.780164 -95.462777
-29.302480 -95.610484
-28.824063 -95.755801
-28.344926 -95.898724
-27.865080 -96.039249
-27.384537 -96.177373
-26.903310 -96.313093
-26.421411 -96.446405
-25.938850 -96.577306
-25.455642 -96.705793
-24.971796 -96.831861
-24.487327 -96.955509
-24.002245 -97.076734
-23.516564 -97.195531
-23.030294 -97.311898
-22.543449 -97.425833
-22.056040 -97.537332
-21.568079 -97.646392
-21.079580 -97.753012
-20.590553 -97.857187
-20.101012 -97.958916
-19.610968 -98.058197
-19.120434 -98.155025
-18.629422 -98.249400
-18.137944 -98.341319
-17.646013 -98.430779
-17.153641 -98.517778
-16.660839 -98.602315
-16.167622 -98.684386
-15.674000 -98.763990
-15.179986 -98.841125
-14.685593 -98.915789
-14.190832 -98.987981
-13.695717 -99.057697
-13.200259 -99.124937
-12.704472 -99.189699
-12.208366 -99.251981
-11.711956 -99.311782
-11.215253 -99.369100
-10.718269 -99.423934
-10.221017 -99.476283
-9.723510 -99.526144
-9.225760 -99.573517
-8.727779 -99.618401
-8.229580 -99.660795
-7.731176 -99.700697
-7.232578 -99.738106
-6.733799 -99.773022
-6.234851 -99.805444
-5.735748 -99.835370
-5.236502 -99.862801
-4.737125 -99.887735
-4.237629 -99.910172
-3.738027 -99.930111
-3.238332 -99.947552
-2.738556 -99.962495
-2.238711 -99.974938
-1.738810 -99.984882
-1.238866 -99.992326
-0.738891 -99.997270
-0.238898 -99.999715
0.261102 -99.999659
0.761095 -99.997104
1.261069 -99.992048
1.761011 -99.984493
2.260909 -99.974438
2.760751 -99.961884
3.260524 -99.946831
3.760215 -99.929279
4.259813 -99.909229
4.759303 -99.886681
5.258675 -99.861636
5.757916 -99.834094
6.257012 -99.804057
6.755952 -99.771525
7.254723 -99.736498
7.753313 -99.698978
8.251709 -99.658965
8.749898 -99.616461
9.247869 -99.571466
9.745609 -99.523983
10.243105 -99.474011
10.740345 -99.421552
11.237316 -99.366608
11.734007 -99.309179
12.230404 -99.249268
12.726495 -99.186876
13.222269 -99.122004
13.717711 -99.054654
14.212811 -98.984827
14.707555 -98.912526
15.201932 -98.837752
15.695929 -98.760507
16.189533 -98.680794
16.682733 -98.598613
17.175515 -98.513967
17.667868 -98.426858
18.159780 -98.337289
18.651237 -98.245261
19.142228 -98.150777
19.632741 -98.053840
20.122762 -97.954451
20.612281 -97.852613
21.101284 -97.748329
21.589760 -97.641601
22.077696 -97.532432
22.565081 -97.420825
23.051901 -97.306782
23.538144 -97.190307
24.023800 -97.071402
24.508854 -96.950070
24.993296 -96.826314
25.477113 -96.700138
25.960294 -96.571544
26.442825 -96.440536
26.924695 -96.307117
27.405892 -96.171290
27.886404 -96.033059
28.366219 -95.892427
28.845324 -95.749398
29.323709 -95.603975
29.801360 -95.456162
30.278266 -95.305963
30.754416 -95.153381
31.229796 -94.998420
31.704396 -94.841084
32.178203 -94.681378
32.651206 -94.519304
33.123392 -94.354867
33.594750 -94.188071
34.065269 -94.018921
34.534936 -93.847420
35.003739 -93.673573
35.471667 -93.497384
35.938709 -93.318858
36.404852 -93.137998
36.870085 -92.954811
37.334396 -92.769299
37.797774 -92.581468
38.260207 -92.391323
38.721684 -92.198868
39.182192 -92.004108
39.641721 -91.807047
40.100259 -91.607692
40.557794 -91.406047
41.014315 -91.202116
41.469811 -90.995905
41.924271 -90.787419
42.377682 -90.576664
42.830033 -90.363644
43.281314 -90.148366
43.731513 -89.930833
44.180619 -89.711052
44.628620 -89.489029
45.075506 -89.264768
45.521264 -89.038276
45.965885 -88.809557
46.409356 -88.578619
46.851667 -88.345466
47.292807 -88.110104
47.732764 -87.872539
48.171529 -87.632778
48.609089 -87.390826
49.045433 -87.146689
49.480552 -86.900374
49.914433 -86.651886
50.347067 -86.401232
50.778442 -86.148417
51.208548 -85.893449
51.637373 -85.636334
52.064907 -85.377078
52.491140 -85.115687
52.916061 -84.852169
53.339658 -84.586529
53.761923 -84.318774
54.182843 -84.048912
54.602408 -83.776948
55.020609 -83.502890
55.437434 -83.226744
55.852873 -82.948518
56.266915 -82.668218
56.679551 -82.385851
57.090770 -82.101425
57.500562 -81.814946
57.908916 -81.526421
58.315823 -81.235859
58.721272 -80.943266
59.125252 -80.648649
59.527755 -80.352016
59.928769 -80.053374
60.328285 -79.752730
60.726293 -79.450093
61.122783 -79.145470
61.517744 -78.838868
61.911168 -78.530295
62.303044 -78.219759
62.693363 -77.907267
63.082114 -77.592828
63.469288 -77.276449
63.854875 -76.958138
64.238866 -76.637903
64.621251 -76.315752
65.002020 -75.991693
65.381164 -75.665734
65.758674 -75.337884
66.134540 -75.008150
66.508753 -74.676541
66.881302 -74.343065
67.252180 -74.007731
67.621377 -73.670546
67.988883 -73.331520
68.354689 -72.990660
68.718786 -72.647976
69.081166 -72.303475
69.441818 -71.957167
69.800734 -71.609060
70.157906 -71.259163
70.513323 -70.907484
70.866977 -70.554033
71.218860 -70.198817
71.568963 -69.841847
71.917276 -69.483131
72.263791 -69.122677
72.608500 -68.760496
72.951393 -68.396595
73.292463 -68.030985
73.631700 -67.663674
73.969097 -67.294671
74.304644 -66.923986
74.638334 -66.551628
74.970158 -66.177605
75.300107 -65.801929
75.628174 -65.424608
75.954350 -65.045650
76.278628 -64.665067
76.600998 -64.282867
76.921454 -63.899060
77.239986 -63.513656
77.556588 -63.126664
77.871250 -62.738093
78.183966 -62.347955
78.494727 -61.956257
78.803526 -61.563011
79.110355 -61.168225
79.415206 -60.771910
79.718071 -60.374076
80.018944 -59.974733
80.317816 -59.573890
80.614681 -59.171558
80.909529 -58.767747
81.202356 -58.362466
81.493152 -57.955727
81.781910 -57.547538
82.068625 -57.137911
82.353287 -56.726855
82.635891 -56.314381
82.916429 -55.900500
83.194893 -55.485221
83.471278 -55.068554
83.745577 -54.650511
84.017781 -54.231102
84.287885 -53.810337
84.555882 -53.388227
84.821766 -52.964782
85.085528 -52.540013
85.347163 -52.113930
85.606665 -51.686544
85.864027 -51.257867
86.119242 -50.827908
86.372304 -50.396678
86.623206 -49.964188
86.871944 -49.530450
87.118509 -49.095472
87.362896 -48.659268
87.605099 -48.221847
87.845113 -47.783221
88.082930 -47.343400
88.318545 -46.902395
88.551952 -46.460218
88.783145 -46.016879
89.012119 -45.572390
89.238867 -45.126762
89.463384 -44.680005
89.685665 -44.232132
89.905704 -43.783152
90.123495 -43.333078
90.339033 -42.881921
90.552312 -42.429692
90.763328 -41.976402
90.972075 -41.522062
91.178547 -41.066685
91.382740 -40.610281
91.584648 -40.152861
91.784267 -39.694438
91.981591 -39.235022
92.176615 -38.774626
92.369335 -38.313260
92.559746 -37.850936
92.747843 -37.387666
92.933621 -36.923462
93.117076 -36.458334
93.298203 -35.992295
93.476998 -35.525356
93.653455 -35.057529
93.827571 -34.588825
93.999342 -34.119257
94.168763 -33.648836
94.335829 -33.177573
94.500537 -32.705481
94.662882 -32.232572
94.822861 -31.758857
94.980470 -31.284347
95.135703 -30.809056
95.288559 -30.332994
95.439032 -29.856174
95.587119 -29.378608
95.732817 -28.900307
95.876121 -28.421284
96.017029 -27.941550
96.155536 -27.461117
96.291639 -26.979998
96.425334 -26.498205
96.556620 -26.015749
96.685491 -25.532643
96.811945 -25.048898
96.935979 -24.564527
97.057589 -24.079543
97.176773 -23.593956
97.293528 -23.107779
97.407850 -22.621024
97.519737 -22.133704
97.629186 -21.645831
97.736195 -21.157417
97.840759 -20.668473
97.942878 -20.179013
98.042549 -19.689048
98.139768 -19.198592
98.234534 -18.707655
98.326844 -18.216250
98.416696 -17.724391
98.504087 -17.232088
98.589016 -16.739354
98.671480 -16.246202
98.751477 -15.752643
98.829006 -15.258691
98.904063 -14.764357
98.976649 -14.269654
99.046759 -13.774595
99.114394 -13.279191
99.179551 -12.783455
99.242228 -12.287400
99.302424 -11.791037
99.360138 -11.294379
99.415368 -10.797440
99.468112 -10.300230
99.518369 -9.802763
99.566139 -9.305050
99.611419 -8.807105
99.654210 -8.308940
99.694509 -7.810567
99.732315 -7.311999
99.767628 -6.813248
99.800447 -6.314327
99.830771 -5.815248
99.858599 -5.316024
99.883931 -4.816666
99.906766 -4.317189
99.927103 -3.817603
99.944942 -3.317922
99.960282 -2.818158
99.973123 -2.318323
99.983465 -1.818430
99.991308 -1.318493
99.996650 -0.818522
99.999493 -0.318530
1257
0 1
1 2
2 3
3 4
4 5
5 6
6 7
7 8
8 9
9 10
10 11
11 12
12 13
13 14
14 15
15 16
16 17
17 18
18 19
19 20
20 21
21 22
22 23
23 24
24 25
25 26
26 27
27 28
28 29
29 30
30 31
31 32
32 33
33 34
34 35
35 36
36 37
37 38
38 39
39 40
40 41
41 42
42 43
43 44
44 45
45 46
46 47
47 48
48 49
49 50
50 51
51 52
52 53
53 54
54 55
55 56
56 57
57 58
58 59
59 60
60 61
61 62
62 63
63 64
64 65
65 66
66 67
67 68
68 69
69 70
70 71
71 72
72 73
73 74
74 75
75 76
76 77
77 78
78 79
79 80
80 81
81 82
82 83
83 84
84 85
85 86
86 87
87 88
88 89
89 90
90 91
91 92
92 93
93 94
94 95
95 96
96 97
97 98
98 99
99 100
100 101
101 102
102 103
103 104
104 105
105 106
106 107
107 108
108 109
109 110
110 111
111 112
112 113
113 114
114 115
115 116
116 117
117 118
118 119
119 120
120 121
121 122
122 123
123 124
124 125
125 126
126 127
127 128
128 129
129 130
130 131
131 132
132 133
133 134
134 135
135 136
136 137
137 138
138 139
139 140
140 141
141 142
142 143
143 144
144 145
145 146
146 147
147 148
148 149
149 150
150 151
151 152
152 153
153 154
154 155
155 156
156 157
157 158
158 159
159 160
160 161
161 162
162 163
163 164
164 165
165 166
166 167
167 168
168 169
169 170
170 171
171 172
172 173
173 174
174 175
175 176
176 177
177 178
178 179
179 180
180 181
181 182
182 183
183 184
184 185
185 186
186 187
187 188
188 189
189 190
190 191
191 192
192 193
193 194
194 195
195 196
196 197
197 198
198 199
199 200
200 201
201 202
202 203
203 204
204 205
205 206
206 207
207 208
208 209
209 210
210 211
211 212
212 213
213 214
214 215
215 216
216 217
217 218
218 219
219 220
220 221
221 222
222 223
223 224
224 225
225 226
226 227
227 228
228 229
229 230
230 231
231 232
232 233
233 234
234 235
235 236
236 237
237 238
238 239
239 240
240 241
241 242
242 243
243 244
244 245
245 246
246 247
247 248
248 249
249 250
250 251
251 252
252 253
253 254
254 255
255 256
256 257
257 258
258 259
259 260
260 261
261 262
262 263
263 264
264 265
265 266
266 267
267 268
268 269
269 270
270 271
271 272
272 273
273 274
274 275
275 276
276 277
277 278
278 279
279 280
280 281
281 282
282 283
283 284
284 285
285 286
286 287
287 288
288 289
289 290
290 291
291 292
292 293
293 294
294 295
295 296
296 297
297 298
298 299
299 300
300 301
301 302
302 303
303 304
304 305
305 306
306 307
307 308
308 309
309 310
310 311
311 312
312 313
313 314
314 315
315 316
316 317
317 318
318 319
319 320
320 321
321 322
322 323
323 324
324 325
325 326
326 327
327 328
328 329
329 330
330 331
331 332
332 333
333 334
334 335
335 336
336 337
337 338
338 339
339 340
340 341
341 342
342 343
343 344
344 345
345 346
346 347
347 348
348 349
349 350
350 351
351 352
352 353
353 354
354 355
355 356
356 357
357 358
358 359
359 360
360 361
361 362
362 363
363 364
364 365
365 366
366 367
367 368
368 369
369 370
370 371
371 372
372 373
373 374
374 375
375 376
376 377
377 378
378 379
379 380
380 381
381 382
382 383
383 384
384 385
385 386
386 387
387 388
388 389
389 390
390 391
391 392
392 393
393 394
394 395
395 396
396 397
397 398
398 399
399 400
400 401
401 402
402 403
403 404
404 405
405 406
406 407
407 408
408 409
409 410
410 411
411 412
412 413
413 414
414 415
415 416
416 417
417 418
418 419
419 420
420 421
421 422
422 423
423 424
424 425
425 426
426 427
427 428
428 429
429 430
430 431
431 432
432 433
433 434
434 435
435 436
436 437
437 438
438 439
439 440
440 441
441 442
442 443
443 444
444 445
445 446
446 447
447 448
448 449
449 450
450 451
451 452
452 453
453 454
454 455
455 456
456 457
457 458
458 459
459 460
460 461
461 462
462 463
463 464
464 465
465 466
466 467
467 468
468 469
469 470
470 471
471 472
472 473
473 474
474 475
475 476
476 477
477 478
478 479
479 480
480 481
481 482
482 483
483 484
484 485
485 486
486 487
487 488
488 489
489 490
490 491
491 492
492 493
493 494
494 495
495 496
496 497
497 498
498 499
499 500
500 501
501 502
502 503
503 504
504 505
505 506
506 507
507 508
508 509
509 510
510 511
511 512
512 513
513 514
514 515
515 516
516 517
517 518
518 519
519 520
520 521
521 522
522 523
523 524
524 525
525 526
526 527
527 528
528 529
529 530
530 531
531 532
532 533
533 534
534 535
535 536
536 537
537 538
538 539
539 540
540 541
541 542
542 543
543 544
544 545
545 546
546 547
547 548
548 549
549 550
550 551
551 552
552 553
553 554
554 555
555 556
556 557
557 558
558 559
559 560
560 561
561 562
562 563
563 564
564 565
565 566
566 567
567 568
568 569
569 570
570 571
571 572
572 573
573 574
574 575
575 576
576 577
577 578
578 579
579 580
580 581
581 582
582 583
583 584
584 585
585 586
586 587
587 588
588 589
589 590
590 591
591 592
592 593
593 594
594 595
595 596
596 597
597 598
598 599
599 600
600 601
601 602
602 603
603 604
604 605
605 606
606 607
607 608
608 609
609 610
610 611
611 612
612 613
613 614
614 615
615 616
616 617
617 618
618 619
619 620
620 621
621 622
622 623
623 624
624 625
625 626
626 627
627 628
628 629
629 630
630 631
631 632
632 633
633 634
634 635
635 636
636 637
637 638
638 639
639 640
640 641
641 642
642 643
643 644
644 645
645 646
646 647
647 648
648 649
649 650
650 651
651 652
652 653
653 654
654 655
655 656
656 657
657 658
658 659
659 660
660 661
661 662
662 663
663 664
664 665
665 666
666 667
667 668
668 669
669 670
670 671
671 672
672 673
673 674
674 675
675 676
676 677
677 678
678 679
679 680
680 681
681 682
682 683
683 684
684 685
685 686
686 687
687 688
688 689
689 690
690 691
691 692
692 693
693 694
694 695
695 696
696 697
697 698
698 699
699 700
700 701
701 702
702 703
703 704
704 705
705 706
706 707
707 708
708 709
709 710
710 711
711 712
712 713
713 714
714 715
715 716
716 717
717 718
718 719
719 720
720 721
721 722
722 723
723 724
724 725
725 726
726 727
727 728
728 729
729 730
730 731
731 732
732 733
733 734
734 735
735 736
736 737
737 738
738 739
739 740
740 741
741 742
742 743
743 744
744 745
745 746
746 747
747 748
748 749
749 750
750 751
751 752
752 753
753 754
754 755
755 756
756 757
757 758
758 759
759 760
760 761
761 762
762 763
763 764
764 765
765 766
766 767
767 768
768 769
769 770
770 771
771 772
772 773
773 774
774 775
775 776
776 777
777 778
778 779
779 780
780 781
781 782
782 783
783 784
784 785
785 786
786 787
787 788
788 789
789 790
790 791
791 792
792 793
793 794
794 795
795 796
796 797
797 798
798 799
799 800
800 801
801 802
802 803
803 804
804 805
805 806
806 807
807 808
808 809
809 810
810 811
811 812
812 813
813 814
814 815
815 816
816 817
817 818
818 819
819 820
820 821
821 822
822 823
823 824
824 825
825 826
826 827
827 828
828 829
829 830
830 831
831 832
832 833
833 834
834 835
835 836
836 837
837 838
838 839
839 840
840 841
841 842
842 843
843 844
844 845
845 846
846 847
847 848
848 849
849 850
850 851
851 852
852 853
853 854
854 855
855 856
856 857
857 858
858 859
859 860
860 861
861 862
862 863
863 864
864 865
865 866
866 867
867 868
868 869
869 870
870 871
871 872
872 873
873 874
874 875
875 876
876 877
877 878
878 879
879 880
880 881
881 882
882 883
883 884
884 885
885 886
886 887
887 888
888 889
889 890
890 891
891 892
892 893
893 894
894 895
895 896
896 897
897 898
898 899
899 900
900 901
901 902
902 903
903 904
904 905
905 906
906 907
907 908
908 909
909 910
910 911
911 912
912 913
913 914
914 915
915 916
916 917
917 918
918 919
919 920
920 921
921 922
922 923
923 924
924 925
925 926
926 927
927 928
928 929
929 930
930 931
931 932
932 933
933 934
934 935
935 936
936 937
937 938
938 939
939 940
940 941
941 942
942 943
943 944
944 945
945 946
946 947
947 948
948 949
949 950
950 951
951 952
952 953
953 954
954 955
955 956
956 957
957 958
958 959
959 960
960 961
961 962
962 963
963 964
964 965
965 966
966 967
967 968
968 969
969 970
970 971
971 972
972 973
973 974
974 975
975 976
976 977
977 978
978 979
979 980
980 981
981 982
982 983
983 984
984 985
985 986
986 987
987 988
988 989
989 990
990 991
991 992
992 993
993 994
994 995
995 996
996 997
997 998
998 999
999 1000
1000 1001
1001 1002
1002 1003
1003 1004
1004 1005
1005 1006
1006 1007
1007 1008
1008 1009
1009 1010
1010 1011
1011 1012
1012 1013
1013 1014
1014 1015
1015 1016
1016 1017
1017 1018
1018 1019
1019 1020
1020 1021
1021 1022
1022 1023
1023 1024
1024 1025
1025 1026
1026 1027
1027 1028
1028 1029
1029 1030
1030 1031
1031 1032
1032 1033
1033 1034
1034 1035
1035 1036
1036 1037
1037 1038
1038 1039
1039 1040
1040 1041
1041 1042
1042 1043
1043 1044
1044 1045
1045 1046
1046 1047
1047 1048
1048 1049
1049 1050
1050 1051
1051 1052
1052 1053
1053 1054
1054 1055
1055 1056
1056 1057
1057 1058
1058 1059
1059 1060
1060 1061
1061 1062
1062 1063
1063 1064
1064 1065
1065 1066
1066 1067
1067 1068
1068 1069
1069 1070
1070 1071
1071 1072
1072 1073
1073 1074
1074 1075
1075 1076
1076 1077
1077 1078
1078 1079
1079 1080
1080 1081
1081 1082
1082 1083
1083 1084
1084 1085
1085 1086
1086 1087
1087 1088
1088 1089
1089 1090
1090 1091
1091 1092
1092 1093
1093 1094
1094 1095
1095 1096
1096 1097
1097 1098
1098 1099
1099 1100
1100 1101
1101 1102
1102 1103
1103 1104
1104 1105
1105 1106
1106 1107
1107 1108
1108 1109
1109 1110
1110 1111
1111 1112
1112 1113
1113 1114
1114 1115
1115 1116
1116 1117
1117 1118
1118 1119
1119 1120
1120 1121
1121 1122
1122 1123
1123 1124
1124 1125
1125 1126
1126 1127
1127 1128
1128 1129
1129 1130
1130 1131
1131 1132
1132 1133
1133 1134
1134 1135
1135 1136
1136 1137
1137 1138
1138 1139
1139 1140
1140 1141
1141 1142
1142 1143
1143 1144
1144 1145
1145 1146
1146 1147
1147 1148
1148 1149
1149 1150
1150 1151
1151 1152
1152 1153
1153 1154
1154 1155
1155 1156
1156 1157
1157 1158
1158 1159
1159 1160
1160 1161
1161 1162
1162 1163
1163 1164
1164 1165
1165 1166
1166 1167
1167 1168
1168 1169
1169 1170
1170 1171
1171 1172
1172 1173
1173 1174
1174 1175
1175 1176
1176 1177
1177 1178
1178 1179
1179 1180
1180 1181
1181 1182
1182 1183
1183 1184
1184 1185
1185 1186
1186 1187
1187 1188
1188 1189
1189 1190
1190 1191
1191 1192
1192 1193
1193 1194
1194 1195
1195 1196
1196 1197
1197 1198
1198 1199
1199 1200
1200 1201
1201 1202
1202 1203
1203 1204
1204 1205
1205 1206
1206 1207
1207 1208
1208 1209
1209 1210
1210 1211
1211 1212
1212 1213
1213 1214
1214 1215
1215 1216
1216 1217
1217 1218
1218 1219
1219 1220
1220 1221
1221 1222
1222 1223
1223 1224
1224 1225
1225 1226
1226 1227
1227 1228
1228 1229
1229 1230
1230 1231
1231 1232
1232 1233
1233 1234
1234 1235
1235 1236
1236 1237
1237 1238
1238 1239
1239 1240
1240 1241
1241 1242
1242 1243
1243 1244
1244 1245
1245 1246
1246 1247
1247 1248
1248 1249
1249 1250
1250 1251
1251 1252
1252 1253
1253 1254
1254 1255
1255 1256
1256 0
1131
90.000000 0.000000
89.998611 0.499997
89.994445 0.999979
89.987500 1.499931
89.977779 1.999835
89.965280 2.499679
89.950005 2.999444
89.931953 3.499118
89.911126 3.998683
89.887523 4.498125
89.861147 4.997428
89.831997 5.496577
89.800074 5.995557
89.765380 6.494351
89.727915 6.992945
89.687681 7.491322
89.644678 7.989469
89.598909 8.487369
89.550375 8.985007
89.499076 9.482368
89.445016 9.979437
89.388194 10.476197
89.328614 10.972634
89.266277 11.468732
89.201184 11.964476
89.133339 12.459851
89.062742 12.954841
88.989397 13.449432
88.913305 13.943607
88.834469 14.437352
88.752891 14.930652
88.668574 15.423491
88.581520 15.915853
88.491732 16.407725
88.399212 16.899090
88.303965 17.389933
88.205992 17.880240
88.105297 18.369995
88.001882 18.859182
87.895751 19.347788
87.786908 19.835797
87.675355 20.323193
87.561096 20.809963
87.444134 21.296089
87.324474 21.781559
87.202118 22.266356
87.077071 22.750466
86.949336 23.233874
86.818918 23.716565
86.685820 24.198524
86.550047 24.679736
86.411602 25.160186
86.270491 25.639860
86.126717 26.118742
85.980284 26.596819
85.831198 27.074074
85.679463 27.550494
85.525083 28.026063
85.368063 28.500767
85.208409 28.974592
85.046125 29.447523
84.881216 29.919544
84.713687 30.390642
84.543544 30.860803
84.370791 31.330010
84.195435 31.798251
84.017479 32.265510
83.836931 32.731774
83.653795 33.197027
83.468077 33.661256
83.279783 34.124445
83.088918 34.586582
82.895489 35.047651
82.699502 35.507638
82.500962 35.966529
82.299876 36.424311
82.096250 36.880968
81.890090 37.336487
81.681402 37.790853
81.470193 38.244053
81.256470 38.696073
81.040239 39.146898
80.821507 39.596515
80.600280 40.044910
80.376566 40.492069
80.150371 40.937979
79.921702 41.382624
79.690566 41.825993
79.456971 42.268071
79.220923 42.708844
78.982431 43.148298
78.741500 43.586422
78.498139 44.023200
78.252356 44.458619
78.004157 44.892666
77.753551 45.325327
77.500545 45.756590
77.245147 46.186440
76.987365 46.614865
76.727207 47.041851
76.464681 47.467385
76.199794 47.891454
75.932556 48.314045
75.662974 48.735145
75.391057 49.154740
75.116813 49.572819
74.840251 49.989367
74.561379 50.404373
74.280205 50.817823
73.996739 51.229704
73.710989 51.640004
73.422964 52.048711
73.132673 52.455811
72.840125 52.861292
72.545329 53.265141
72.248293 53.667347
71.949028 54.067896
71.647542 54.466777
71.343845 54.863976
71.037945 55.259482
70.729853 55.653282
70.419579 56.045365
70.107130 56.435718
69.792518 56.824329
69.475752 57.211186
69.156842 57.596278
68.835797 57.979592
68.512627 58.361116
68.187343 58.740839
67.859955 59.118749
67.530472 59.494835
67.198904 59.869084
66.865263 60.241486
66.529558 60.612028
66.191800 60.980699
65.851998 61.347488
65.510164 61.712384
65.166309 62.075375
64.820441 62.436451
64.472574 62.795599
64.122716 63.152809
63.770880 63.508070
63.417075 63.861371
63.061312 64.212700
62.703604 64.562048
62.343960 64.909403
61.982392 65.254755
61.618911 65.598093
61.253528 65.939406
60.886255 66.278684
60.517102 66.615917
60.146082 66.951093
59.773205 67.284203
59.398483 67.615236
59.021928 67.944183
58.643552 68.271032
58.263365 68.595775
57.881380 68.918400
57.497609 69.238898
57.112063 69.557259
56.724755 69.873473
56.335695 70.187531
55.944897 70.499422
55.552372 70.809137
55.158133 71.116667
54.762191 71.422002
54.364559 71.725133
53.965249 72.026050
53.564274 72.324744
53.161645 72.621205
52.757376 72.915426
52.351478 73.207395
51.943965 73.497106
51.534848 73.784548
51.124140 74.069712
50.711855 74.352591
50.298005 74.633174
49.882602 74.911455
49.465660 75.187423
49.047190 75.461070
48.627208 75.732389
48.205724 76.001370
47.782752 76.268005
47.358306 76.532286
46.932398 76.794206
46.505041 77.053755
46.076249 77.310926
45.646035 77.565711
45.214413 77.818101
44.781394 78.068090
44.346994 78.315670
43.911225 78.560832
43.474100 78.803570
43.035634 79.043875
42.595839 79.281741
42.154730 79.517160
41.712320 79.750125
41.268622 79.980628
40.823651 80.208662
40.377420 80.434222
39.929942 80.657298
39.481232 80.877885
39.031303 81.095976
38.580170 81.311564
38.127846 81.524643
37.674345 81.735205
37.219682 81.943244
36.763870 82.148755
36.306923 82.351730
35.848855 82.552163
35.389681 82.750048
34.929415 82.945379
34.468071 83.138151
34.005662 83.328356
33.542205 83.515989
33.077712 83.701045
32.612198 83.883518
32.145677 84.063401
31.678165 84.240690
31.209675 84.415379
30.740221 84.587462
30.269819 84.756935
29.798482 84.923792
29.326226 85.088028
28.853065 85.249637
28.379013 85.408616
27.904085 85.564958
27.428296 85.718660
26.951660 85.869715
26.474193 86.018121
25.995908 86.163872
25.516821 86.306963
25.036947 86.447390
24.556300 86.585150
24.074895 86.720237
23.592746 86.852647
23.109870 86.982377
22.626281 87.109422
22.141993 87.233779
21.657021 87.355443
21.171382 87.474411
20.685088 87.590679
20.198157 87.704244
19.710602 87.815102
19.222438 87.923250
18.733682 88.028684
18.244347 88.131401
17.754449 88.231398
17.264003 88.328671
16.773024 88.423219
16.281528 88.515037
15.789529 88.604124
15.297043 88.690476
14.804084 88.774090
14.310669 88.854965
13.816812 88.933097
13.322529 89.008484
12.827834 89.081124
12.332744 89.151015
11.837272 89.218154
11.341436 89.282539
10.845249 89.344169
10.348728 89.403042
9.851887 89.459154
9.354742 89.512506
8.857309 89.563096
8.359602 89.610920
7.861637 89.655980
7.363430 89.698271
6.864995 89.737795
6.366348 89.774549
5.867505 89.808532
5.368481 89.839743
4.869291 89.868181
4.369950 89.893846
3.870475 89.916736
3.370881 89.936851
2.871182 89.954190
2.371395 89.968753
1.871535 89.980539
1.371616 89.989548
0.871656 89.995779
0.371668 89.999233
-0.128331 89.999909
-0.628325 89.997807
-1.128301 89.992927
-1.628242 89.985270
-2.128132 89.974836
-2.627957 89.961624
-3.127701 89.945636
-3.627348 89.926872
-4.126883 89.905333
-4.626291 89.881018
-5.125556 89.853930
-5.624663 89.824068
-6.123596 89.791434
-6.622340 89.756028
-7.120880 89.717853
-7.619200 89.676908
-8.117285 89.633195
-8.615119 89.586716
-9.112688 89.537472
-9.609975 89.485465
-10.106966 89.430695
-10.603644 89.373166
-11.099996 89.312878
-11.596004 89.249833
-12.091655 89.184034
-12.586933 89.115482
-13.081822 89.044180
-13.576308 88.970129
-14.070374 88.893333
-14.564006 88.813792
-15.057189 88.731511
-15.549907 88.646491
-16.042145 88.558735
-16.533888 88.468246
-17.025120 88.375026
-17.515828 88.279079
-18.005994 88.180407
-18.495605 88.079013
-18.984645 87.974901
-19.473099 87.868074
-19.960952 87.758535
-20.448189 87.646287
-20.934794 87.531334
-21.420754 87.413679
-21.906052 87.293327
-22.390675 87.170280
-22.874606 87.044543
-23.357831 86.916119
-23.840336 86.785012
-24.322104 86.651228
-24.803122 86.514768
-25.283375 86.375639
-25.762847 86.233843
-26.241523 86.089386
-26.719390 85.942272
-27.196433 85.792506
-27.672636 85.640091
-28.147984 85.485034
-28.622464 85.327338
-29.096061 85.167008
-29.568760 85.004050
-30.040546 84.838468
-30.511404 84.670268
-30.981322 84.499454
-31.450282 84.326032
-31.918273 84.150008
-32.385278 83.971387
-32.851283 83.790174
-33.316275 83.606374
-33.780238 83.419995
-34.243159 83.231040
-34.705023 83.039517
-35.165815 82.845431
-35.625523 82.648788
-36.084131 82.449594
-36.541625 82.247855
-36.997991 82.043578
-37.453215 81.836768
-37.907284 81.627433
-38.360182 81.415579
-38.811897 81.201211
-39.262413 80.984337
-39.711718 80.764964
-40.159797 80.543098
-40.606637 80.318747
-41.052223 80.091916
-41.496542 79.862613
-41.939581 79.630846
-42.381325 79.396620
-42.821761 79.159944
-43.260875 78.920825
-43.698654 78.679270
-44.135085 78.435287
-44.570153 78.188883
-45.003846 77.940066
-45.436149 77.688843
-45.867051 77.435222
-46.296536 77.179212
-46.724593 76.920819
-47.151208 76.660052
-47.576367 76.396919
-48.000058 76.131429
-48.422267 75.863588
-48.842982 75.593406
-49.262190 75.320891
-49.679877 75.046051
-50.096031 74.768895
-50.510638 74.489432
-50.923687 74.207669
-51.335164 73.923616
-51.745056 73.637281
-52.153351 73.348674
-52.560037 73.057802
-52.965101 72.764676
-53.368529 72.469304
-53.770311 72.171696
-54.170433 71.871860
-54.568883 71.569805
-54.965649 71.265542
-55.360718 70.959079
-55.754079 70.650426
-56.145719 70.339592
-56.535626 70.026588
-56.923788 69.711422
-57.310193 69.394104
-57.694830 69.074645
-58.077686 68.753054
-58.458749 68.429341
-58.838008 68.103516
-59.215451 67.775589
-59.591066 67.445570
-59.964842 67.113469
-60.336767 66.779297
-60.706830 66.443064
-61.075020 66.104780
-61.441324 65.764456
-61.805732 65.422102
-62.168233 65.077729
-62.528814 64.731348
-62.887466 64.382968
-63.244177 64.032602
-63.598936 63.680259
-63.951732 63.325951
-64.302554 62.969688
-64.651391 62.611481
-64.998233 62.251343
-65.343069 61.889283
-65.685889 61.525312
-66.026680 61.159443
-66.365434 60.791686
-66.702140 60.422053
-67.036787 60.050555
-67.369365 59.677204
-67.699864 59.302011
-68.028273 58.924987
-68.354582 58.546145
-68.678782 58.165495
-69.000862 57.783051
-69.320813 57.398823
-69.638624 57.012824
-69.954285 56.625065
-70.267788 56.235558
-70.579122 55.844316
-70.888277 55.451349
-71.195245 55.056672
-71.500015 54.660295
-71.802578 54.262232
-72.102925 53.862493
-72.401047 53.461092
-72.696934 53.058041
-72.990578 52.653352
-73.281969 52.247039
-73.571098 51.839113
-73.857956 51.429586
-74.142535 51.018473
-74.424825 50.605785
-74.704818 50.191535
-74.982506 49.775735
-75.257879 49.358400
-75.530930 48.939541
-75.801649 48.519172
-76.070029 48.097305
-76.336061 47.673953
-76.599737 47.249131
-76.861048 46.822850
-77.119988 46.395123
-77.376547 45.965965
-77.630718 45.535388
-77.882493 45.103406
-78.131865 44.670032
-78.378824 44.235279
-78.623365 43.799161
-78.865479 43.361690
-79.105159 42.922882
-79.342398 42.482749
-79.577187 42.041304
-79.809521 41.598562
-80.039391 41.154536
-80.266791 40.709240
-80.491714 40.262688
-80.714152 39.814893
-80.934099 39.365868
-81.151548 38.915629
-81.366493 38.464189
-81.578926 38.011562
-81.788841 37.557761
-81.996232 37.102802
-82.201093 36.646697
-82.403416 36.189461
-82.603196 35.731108
-82.800426 35.271652
-82.995101 34.811108
-83.187214 34.349489
-83.376760 33.886810
-83.563732 33.423086
-83.748126 32.958329
-83.929934 32.492556
-84.109152 32.025779
-84.285774 31.558014
-84.459795 31.089275
-84.631209 30.619577
-84.800011 30.148934
-84.966195 29.677360
-85.129757 29.204870
-85.290692 28.731478
-85.448994 28.257200
-85.604659 27.782050
-85.757682 27.306042
-85.908058 26.829192
-86.055783 26.351513
-86.200851 25.873021
-86.343259 25.393731
-86.483002 24.913656
-86.620076 24.432813
-86.754477 23.951216
-86.886200 23.468880
-87.015241 22.985819
-87.141596 22.502049
-87.265262 22.017584
-87.386235 21.532440
-87.504510 21.046631
-87.620085 20.560172
-87.732956 20.073079
-87.843118 19.585367
-87.950570 19.097050
-88.055307 18.608143
-88.157326 18.118662
-88.256624 17.628622
-88.353198 17.138038
-88.447046 16.646925
-88.538163 16.155298
-88.626548 15.663173
-88.712198 15.170564
-88.795109 14.677487
-88.875280 14.183957
-88.952708 13.689989
-89.027390 13.195598
-89.099325 12.700801
-89.168509 12.205611
-89.234942 11.710045
-89.298620 11.214117
-89.359543 10.717843
-89.417707 10.221238
-89.473111 9.724318
-89.525754 9.227098
-89.575634 8.729592
-89.622749 8.231818
-89.667098 7.733789
-89.708680 7.235522
-89.747493 6.737031
-89.783535 6.238333
-89.816807 5.739441
-89.847307 5.240373
-89.875033 4.741143
-89.899986 4.241767
-89.922164 3.742260
-89.941566 3.242637
-89.958193 2.742914
-89.972043 2.243107
-89.983116 1.743230
-89.991412 1.243299
-89.996930 0.743330
-89.999671 0.243339
-89.999634 -0.256661
-89.996819 -0.756652
-89.991227 -1.256620
-89.982857 -1.756550
-89.971710 -2.256425
-89.957786 -2.756230
-89.941085 -3.255951
-89.921609 -3.755570
-89.899357 -4.255074
-89.874330 -4.754447
-89.846530 -5.253673
-89.815956 -5.752737
-89.782611 -6.251623
-89.746494 -6.750316
-89.707608 -7.248801
-89.665952 -7.747062
-89.621530 -8.245084
-89.574341 -8.742852
-89.524387 -9.240350
-89.471671 -9.737562
-89.416193 -10.234474
-89.357955 -10.731070
-89.296959 -11.227335
-89.233208 -11.723254
-89.166702 -12.218810
-89.097444 -12.713990
-89.025436 -13.208777
-88.950680 -13.703156
-88.873179 -14.197112
-88.792935 -14.690631
-88.709951 -15.183696
-88.624228 -15.676292
-88.535771 -16.168404
-88.444580 -16.660018
-88.350660 -17.151117
-88.254014 -17.641686
-88.154643 -18.131712
-88.052551 -18.621177
-87.947742 -19.110068
-87.840218 -19.598370
-87.729983 -20.086066
-87.617041 -20.573142
-87.501394 -21.059583
-87.383047 -21.545375
-87.262002 -22.030501
-87.138264 -22.514948
-87.011837 -22.998699
-86.882725 -23.481741
-86.750930 -23.964058
-86.616459 -24.445635
-86.479314 -24.926458
-86.339500 -25.406511
-86.197021 -25.885781
-86.051881 -26.364251
-85.904086 -26.841908
-85.753639 -27.318736
-85.600546 -27.794721
-85.444811 -28.269848
-85.286438 -28.744103
-85.125433 -29.217471
-84.961801 -29.689936
-84.795547 -30.161486
-84.626675 -30.632104
-84.455192 -31.101777
-84.281102 -31.570490
-84.104411 -32.038229
-83.925123 -32.504979
-83.743246 -32.970726
-83.558784 -33.435455
-83.371743 -33.899152
-83.182129 -34.361803
-82.989947 -34.823393
-82.795204 -35.283909
-82.597906 -35.743335
-82.398058 -36.201658
-82.195667 -36.658864
-81.990739 -37.114939
-81.783281 -37.569868
-81.573298 -38.023637
-81.360798 -38.476233
-81.145787 -38.927642
-80.928271 -39.377848
-80.708257 -39.826840
-80.485753 -40.274602
-80.260764 -40.721121
-80.033298 -41.166384
-79.803362 -41.610376
-79.570963 -42.053083
-79.336108 -42.494493
-79.098805 -42.934591
-78.859060 -43.373364
-78.616881 -43.810798
-78.372275 -44.246880
-78.125251 -44.681597
-77.875816 -45.114934
-77.623977 -45.546879
-77.369742 -45.977419
-77.113119 -46.406539
-76.854116 -46.834227
-76.592742 -47.260469
-76.329003 -47.685253
-76.062908 -48.108565
-75.794466 -48.530392
-75.523684 -48.950721
-75.250572 -49.369539
-74.975137 -49.786834
-74.697388 -50.202592
-74.417333 -50.616801
-74.134982 -51.029447
-73.850342 -51.440519
-73.563423 -51.850002
-73.274234 -52.257886
-72.982783 -52.664156
-72.689080 -53.068801
-72.393133 -53.471809
-72.094952 -53.873165
-71.794545 -54.272860
-71.491923 -54.670879
-71.187094 -55.067210
-70.880068 -55.461842
-70.570855 -55.854762
-70.259463 -56.245959
-69.945903 -56.635419
-69.630184 -57.023131
-69.312316 -57.409084
-68.992308 -57.793264
-68.670171 -58.175661
-68.345915 -58.556262
-68.019550 -58.935056
-67.691085 -59.312031
-67.360531 -59.687176
-67.027897 -60.060478
-66.693195 -60.431926
-66.356435 -60.801509
-66.017626 -61.169216
-65.676780 -61.535035
-65.333907 -61.898954
-64.989018 -62.260963
-64.642122 -62.621051
-64.293232 -62.979205
-63.942357 -63.335416
-63.589509 -63.689672
-63.234698 -64.041963
-62.877935 -64.392277
-62.519232 -64.740603
-62.158599 -65.086931
-61.796047 -65.431251
-61.431589 -65.773550
-61.065234 -66.113820
-60.696994 -66.452049
-60.326881 -66.788228
-59.954907 -67.122345
-59.581081 -67.454390
-59.205417 -67.784353
-58.827926 -68.112225
-58.448619 -68.437994
-58.067508 -68.761650
-57.684604 -69.083185
-57.299921 -69.402587
-56.913468 -69.719847
-56.525260 -70.034956
-56.135306 -70.347903
-55.743620 -70.658678
-55.350214 -70.967273
-54.955099 -71.273677
-54.558288 -71.577882
-54.159793 -71.879877
-53.759627 -72.179654
-53.357801 -72.477204
-52.954329 -72.772516
-52.549222 -73.065582
-52.142493 -73.356393
-51.734155 -73.644940
-51.324220 -73.931214
-50.912701 -74.215206
-50.499611 -74.496908
-50.084962 -74.776310
-49.668768 -75.053404
-49.251040 -75.328182
-48.831792 -75.600635
-48.411037 -75.870755
-47.988788 -76.138533
-47.565058 -76.403961
-47.139860 -76.667031
-46.713206 -76.927735
-46.285111 -77.186064
-45.855588 -77.442011
-45.424649 -77.695568
-44.992308 -77.946727
-44.558579 -78.195480
-44.123474 -78.441820
-43.687007 -78.685738
-43.249192 -78.927228
-42.810043 -79.166282
-42.369572 -79.402893
-41.927793 -79.637053
-41.484720 -79.868755
-41.040367 -80.097992
-40.594747 -80.324757
-40.147874 -80.549042
-39.699762 -80.770842
-39.250425 -80.990148
-38.799876 -81.206955
-38.348130 -81.421256
-37.895200 -81.633044
-37.441101 -81.842312
-36.985846 -82.049054
-36.529449 -82.253263
-36.071925 -82.454934
-35.613288 -82.654060
-35.153552 -82.850635
-34.692730 -83.044653
-34.230838 -83.236108
-33.767889 -83.424994
-33.303899 -83.611305
-32.838880 -83.795036
-32.372847 -83.976180
-31.905816 -84.154732
-31.437800 -84.330687
-30.968813 -84.504039
-30.498871 -84.674783
-30.027987 -84.842914
-29.556176 -85.008426
-29.083454 -85.171314
-28.609833 -85.331573
-28.135330 -85.489199
-27.659958 -85.644187
-27.183733 -85.796531
-26.706668 -85.946227
-26.228780 -86.093270
-25.750081 -86.237656
-25.270588 -86.379380
-24.790315 -86.518439
-24.309277 -86.654827
-23.827489 -86.788541
-23.344965 -86.919575
-22.861721 -87.047928
-22.377771 -87.173593
-21.893130 -87.296568
-21.407814 -87.416849
-20.921837 -87.534432
-20.435214 -87.649313
-19.947961 -87.761488
-19.460092 -87.870956
-18.971622 -87.977711
-18.482567 -88.081750
-17.992941 -88.183071
-17.502760 -88.281671
-17.012038 -88.377545
-16.520792 -88.470692
-16.029036 -88.561109
-15.536785 -88.648792
-15.044054 -88.733739
-14.550859 -88.815947
-14.057216 -88.895414
-13.563138 -88.972138
-13.068641 -89.046115
-12.573742 -89.117344
-12.078454 -89.185823
-11.582793 -89.251548
-11.086775 -89.314520
-10.590415 -89.374734
-10.093727 -89.432190
-9.596729 -89.486886
-9.099434 -89.538820
-8.601858 -89.587990
-8.104017 -89.634396
-7.605925 -89.678035
-7.107599 -89.718906
-6.609054 -89.757008
-6.110304 -89.792339
-5.611366 -89.824899
-5.112255 -89.854687
-4.612986 -89.881702
-4.113575 -89.905943
-3.614036 -89.927408
-3.114386 -89.946098
-2.614640 -89.962012
-2.114814 -89.975150
-1.614922 -89.985510
-1.114980 -89.993093
-0.615003 -89.997899
-0.115008 -89.999927
0.384991 -89.999177
0.884978 -89.995649
1.384937 -89.989344
1.884854 -89.980261
2.384713 -89.968401
2.884498 -89.953764
3.384194 -89.936351
3.883785 -89.916162
4.383257 -89.893198
4.882594 -89.867460
5.381779 -89.838947
5.880799 -89.807662
6.379637 -89.773605
6.878278 -89.736778
7.376707 -89.697181
7.874909 -89.654815
8.372867 -89.609682
8.870567 -89.561783
9.367993 -89.511121
9.865129 -89.457695
10.361962 -89.401509
10.858474 -89.342563
11.354652 -89.280860
11.850479 -89.216401
12.345940 -89.149188
12.841020 -89.079224
13.335704 -89.006511
13.829976 -88.931051
14.323822 -88.852845
14.817225 -88.771898
15.310171 -88.688210
15.802645 -88.601786
16.294630 -88.512626
16.786113 -88.420735
17.277078 -88.326115
17.767509 -88.228769
18.257393 -88.128699
18.746712 -88.025910
19.235453 -87.920403
19.723601 -87.812184
20.211139 -87.701253
20.698054 -87.587617
21.184330 -87.471276
21.669952 -87.352236
22.154905 -87.230500
22.639175 -87.106072
23.122746 -86.978955
23.605603 -86.849154
24.087731 -86.716672
24.569116 -86.581514
25.049743 -86.443683
25.529597 -86.303185
26.008662 -86.160023
26.486925 -86.014201
26.964371 -85.865725
27.440984 -85.714598
27.916750 -85.560827
28.391655 -85.404414
28.865683 -85.245365
29.338821 -85.083686
29.811053 -84.919380
30.282365 -84.752454
30.752742 -84.582911
31.222170 -84.410758
31.690634 -84.236000
32.158121 -84.058642
32.624615 -83.878689
33.090101 -83.696148
33.554567 -83.511023
34.017997 -83.323321
34.480377 -83.133048
34.941693 -82.940208
35.401930 -82.744809
35.861075 -82.546855
36.319113 -82.346354
36.776029 -82.143312
37.231811 -81.937734
37.686444 -81.729627
38.139914 -81.518998
38.592206 -81.305852
39.043307 -81.090198
39.493204 -80.872040
39.941881 -80.651387
40.389325 -80.428244
40.835523 -80.202619
41.280461 -79.974518
41.724125 -79.743949
42.166500 -79.510919
42.607575 -79.275435
43.047334 -79.037504
43.485765 -78.797134
43.922853 -78.554331
44.358586 -78.309104
44.792950 -78.061461
45.225931 -77.811408
45.657517 -77.558953
46.087693 -77.304104
46.516447 -77.046870
46.943765 -76.787258
47.369634 -76.525275
47.794041 -76.260931
48.216973 -75.994233
48.638417 -75.725190
49.058360 -75.453809
49.476789 -75.180100
49.893690 -74.904070
50.309052 -74.625728
50.722861 -74.345083
51.135104 -74.062144
51.545769 -73.776918
51.954843 -73.489416
52.362314 -73.199645
52.768169 -72.907615
53.172395 -72.613335
53.574979 -72.316814
53.975911 -72.018061
54.375176 -71.717085
54.772763 -71.413895
55.168660 -71.108502
55.562853 -70.800913
55.955332 -70.491140
56.346084 -70.179191
56.735097 -69.865075
57.122359 -69.548804
57.507858 -69.230386
57.891581 -68.909831
58.273518 -68.587149
58.653657 -68.262351
59.031985 -67.935445
59.408491 -67.606443
59.783164 -67.275354
60.155991 -66.942189
60.526962 -66.606958
60.896065 -66.269671
61.263288 -65.930338
61.628620 -65.588971
61.992051 -65.245580
62.353568 -64.900174
62.713160 -64.552766
63.070817 -64.203365
63.426527 -63.851982
63.780280 -63.498629
64.132064 -63.143316
64.481868 -62.786054
64.829683 -62.426855
65.175497 -62.065728
65.519299 -61.702686
65.861079 -61.337740
66.200826 -60.970900
66.538529 -60.602179
66.874180 -60.231587
67.207766 -59.859136
67.539278 -59.484838
67.868705 -59.108704
68.196038 -58.730745
68.521266 -58.350974
68.844379 -57.969402
69.165367 -57.586040
69.484220 -57.200902
69.800929 -56.813997
70.115484 -56.425340
70.427874 -56.034940
70.738091 -55.642812
71.046124 -55.248966
71.351965 -54.853414
71.655604 -54.456170
71.957031 -54.057245
72.256237 -53.656652
72.553212 -53.254402
72.847949 -52.850509
73.140437 -52.444985
73.430668 -52.037842
73.718633 -51.629093
74.004322 -51.218750
74.287727 -50.806827
74.568839 -50.393335
74.847650 -49.978288
75.124151 -49.561699
75.398333 -49.143580
75.670188 -48.723944
75.939707 -48.302804
76.206883 -47.880174
76.471706 -47.456065
76.734170 -47.030492
76.994265 -46.603468
77.251983 -46.175005
77.507318 -45.745117
77.760260 -45.313817
78.010802 -44.881119
78.258936 -44.447035
78.504655 -44.011579
78.747951 -43.574765
78.988817 -43.136607
79.227244 -42.697116
79.463227 -42.256308
79.696757 -41.814196
79.927827 -41.370793
80.156430 -40.926114
80.382559 -40.480171
80.606207 -40.032979
80.827367 -39.584551
81.046033 -39.134902
81.262197 -38.684044
81.475854 -38.231993
81.686995 -37.778762
81.895615 -37.324364
82.101708 -36.868815
82.305267 -36.412128
82.506285 -35.954317
82.704757 -35.495396
82.900677 -35.035380
83.094037 -34.574282
83.284833 -34.112117
83.473059 -33.648900
83.658708 -33.184644
83.841775 -32.719363
84.022255 -32.253073
84.200141 -31.785788
84.375428 -31.317521
84.548111 -30.848288
84.718185 -30.378102
84.885644 -29.906979
85.050483 -29.434933
85.212697 -28.961979
85.372281 -28.488130
85.529230 -28.013403
85.683540 -27.537811
85.835205 -27.061368
85.984220 -26.584091
86.130582 -26.105993
86.274285 -25.627089
86.415326 -25.147395
86.553699 -24.666924
86.689401 -24.185692
86.822428 -23.703713
86.952775 -23.221003
87.080438 -22.737577
87.205413 -22.253448
87.327697 -21.768632
87.447285 -21.283145
87.564175 -20.797001
87.678362 -20.310215
87.789843 -19.822802
87.898614 -19.334777
88.004673 -18.846156
88.108015 -18.356953
88.208638 -17.867183
88.306538 -17.376862
88.401713 -16.886004
88.494159 -16.394625
88.583875 -15.902741
88.670856 -15.410365
88.755100 -14.917514
88.836605 -14.424202
88.915368 -13.930446
88.991387 -13.436259
89.064659 -12.941658
89.135182 -12.446657
89.202955 -11.951272
89.267974 -11.455518
89.330237 -10.959411
89.389744 -10.462965
89.446492 -9.966196
89.500479 -9.469120
89.551704 -8.971752
89.600165 -8.474106
89.645860 -7.976199
89.688789 -7.478046
89.728949 -6.979662
89.766340 -6.481063
89.800961 -5.982264
89.832809 -5.483280
89.861886 -4.984127
89.888188 -4.484819
89.911717 -3.985374
89.932470 -3.485806
89.950448 -2.986129
89.965649 -2.486361
89.978074 -1.986516
89.987721 -1.486610
89.994592 -0.986658
89.998684 -0.486675
1131
0 1
1 2
2 3
3 4
4 5
5 6
6 7
7 8
8 9
9 10
10 11
11 12
12 13
13 14
14 15
15 16
16 17
17 18
18 19
19 20
20 21
21 22
22 23
23 24
24 25
25 26
26 27
27 28
28 29
29 30
30 31
31 32
32 33
33 34
34 35
35 36
36 37
37 38
38 39
39 40
40 41
41 42
42 43
43 44
44 45
45 46
46 47
47 48
48 49
49 50
50 51
51 52
52 53
53 54
54 55
55 56
56 57
57 58
58 59
59 60
60 61
61 62
62 63
63 64
64 65
65 66
66 67
67 68
68 69
69 70
70 71
71 72
72 73
73 74
74 75
75 76
76 77
77 78
78 79
79 80
80 81
81 82
82 83
83 84
84 85
85 86
86 87
87 88
88 89
89 90
90 91
91 92
92 93
93 94
94 95
95 96
96 97
97 98
98 99
99 100
100 101
101 102
102 103
103 104
104 105
105 106
106 107
107 108
108 109
109 110
110 111
111 112
112 113
113 114
114 115
115 116
116 117
117 118
118 119
119 120
120 121
121 122
122 123
123 124
124 125
125 126
126 127
127 128
128 129
129 130
130 131
131 132
132 133
133 134
134 135
135 136
136 137
137 138
138 139
139 140
140 141
141 142
142 143
143 144
144 145
145 146
146 147
147 148
148 149
149 150
150 151
151 152
152 153
153 154
154 155
155 156
156 157
157 158
158 159
159 160
160 161
161 162
162 163
163 164
164 165
165 166
166 167
167 168
168 169
169 170
170 171
171 172
172 173
173 174
174 175
175 176
176 177
177 178
178 179
179 180
180 181
181 182
182 183
183 184
184 185
185 186
186 187
187 188
188 189
189 190
190 191
191 192
192 193
193 194
194 195
195 196
196 197
197 198
198 199
199 200
200 201
201 202
202 203
203 204
204 205
205 206
206 207
207 208
208 209
209 210
210 211
211 212
212 213
213 214
214 215
215 216
216 217
217 218
218 219
219 220
220 221
221 222
222 223
223 224
224 225
225 226
226 227
227 228
228 229
229 230
230 231
231 232
232 233
233 234
234 235
235 236
236 237
237 238
238 239
239 240
240 241
241 242
242 243
243 244
244 245
245 246
246 247
247 248
248 249
249 250
250 251
251 252
252 253
253 254
254 255
255 256
256 257
257 258
258 259
259 260
260 261
261 262
262 263
263 264
264 265
265 266
266 267
267 268
268 269
269 270
270 271
271 272
272 273
273 274
274 275
275 276
276 277
277 278
278 279
279 280
280 281
281 282
282 283
283 284
284 285
285 286
286 287
287 288
288 289
289 290
290 291
291 292
292 293
293 294
294 295
295 296
296 297
297 298
298 299
299 300
300 301
301 302
302 303
303 304
304 305
305 306
306 307
307 308
308 309
309 310
310 311
311 312
312 313
313 314
314 315
315 316
316 317
317 318
318 319
319 320
320 321
321 322
322 323
323 324
324 325
325 326
326 327
327 328
328 329
329 330
330 331
331 332
332 333
333 334
334 335
335 336
336 337
337 338
338 339
339 340
340 341
341 342
342 343
343 344
344 345
345 346
346 347
347 348
348 349
349 350
350 351
351 352
352 353
353 354
354 355
355 356
356 357
357 358
358 359
359 360
360 361
361 362
362 363
363 364
364 365
365 366
366 367
367 368
368 369
369 370
370 371
371 372
372 373
373 374
374 375
375 376
376 377
377 378
378 379
379 380
380 381
381 382
382 383
383 384
384 385
385 386
386 387
387 388
388 389
389 390
390 391
391 392
392 393
393 394
394 395
395 396
396 397
397 398
398 399
399 400
400 401
401 402
402 403
403 404
404 405
405 406
406 407
407 408
408 409
409 410
410 411
411 412
412 413
413 414
414 415
415 416
416 417
417 418
418 419
419 420
420 421
421 422
422 423
423 424
424 425
425 426
426 427
427 428
428 429
429 430
430 431
431 432
432 433
433 434
434 435
435 436
436 437
437 438
438 439
439 440
440 441
441 442
442 443
443 444
444 445
445 446
446 447
447 448
448 449
449 450
450 451
451 452
452 453
453 454
454 455
455 456
456 457
457 458
458 459
459 460
460 461
461 462
462 463
463 464
464 465
465 466
466 467
467 468
468 469
469 470
470 471
471 472
472 473
473 474
474 475
475 476
476 477
477 478
478 479
479 480
480 481
481 482
482 483
483 484
484 485
485 486
486 487
487 488
488 489
489 490
490 491
491 492
492 493
493 494
494 495
495 496
496 497
497 498
498 499
499 500
500 501
501 502
502 503
503 504
504 505
505 506
506 507
507 508
508 509
509 510
510 511
511 512
512 513
513 514
514 515
515 516
516 517
517 518
518 519
519 520
520 521
521 522
522 523
523 524
524 525
525 526
526 527
527 528
528 529
529 530
530 531
531 532
532 533
533 534
534 535
535 536
536 537
537 538
538 539
539 540
540 541
541 542
542 543
543 544
544 545
545 546
546 547
547 548
548 549
549 550
550 551
551 552
552 553
553 554
554 555
555 556
556 557
557 558
558 559
559 560
560 561
561 562
562 563
563 564
564 565
565 566
566 567
567 568
568 569
569 570
570 571
571 572
572 573
573 574
574 575
575 576
576 577
577 578
578 579
579 580
580 581
581 582
582 583
583 584
584 585
585 586
586 587
587 588
588 589
589 590
590 591
591 592
592 593
593 594
594 595
595 596
596 597
597 598
598 599
599 600
600 601
601 602
602 603
603 604
604 605
605 606
606 607
607 608
608 609
609 610
610 611
611 612
612 613
613 614
614 615
615 616
616 617
617 618
618 619
619 620
620 621
621 622
622 623
623 624
624 625
625 626
626 627
627 628
628 629
629 630
630 631
631 632
632 633
633 634
634 635
635 636
636 637
637 638
638 639
639 640
640 641
641 642
642 643
643 644
644 645
645 646
646 647
647 648
648 649
649 650
650 651
651 652
652 653
653 654
654 655
655 656
656 657
657 658
658 659
659 660
660 661
661 662
662 663
663 664
664 665
665 666
666 667
667 668
668 669
669 670
670 671
671 672
672 673
673 674
674 675
675 676
676 677
677 678
678 679
679 680
680 681
681 682
682 683
683 684
684 685
685 686
686 687
687 688
688 689
689 690
690 691
691 692
692 693
693 694
694 695
695 696
696 697
697 698
698 699
699 700
700 701
701 702
702 703
703 704
704 705
705 706
706 707
707 708
708 709
709 710
710 711
711 712
712 713
713 714
714 715
715 716
716 717
717 718
718 719
719 720
720 721
721 722
722 723
723 724
724 725
725 726
726 727
727 728
728 729
729 730
730 731
731 732
732 733
733 734
734 735
735 736
736 737
737 738
738 739
739 740
740 741
741 742
742 743
743 744
744 745
745 746
746 747
747 748
748 749
749 750
750 751
751 752
752 753
753 754
754 755
755 756
756 757
757 758
758 759
759 760
760 761
761 762
762 763
763 764
764 765
765 766
766 767
767 768
768 769
769 770
770 771
771 772
772 773
773 774
774 775
775 776
776 777
777 778
778 779
779 780
780 781
781 782
782 783
783 784
784 785
785 786
786 787
787 788
788 789
789 790
790 791
791 792
792 793
793 794
794 795
795 796
796 797
797 798
798 799
799 800
800 801
801 802
802 803
803 804
804 805
805 806
806 807
807 808
808 809
809 810
810 811
811 812
812 813
813 814
814 815
815 816
816 817
817 818
818 819
819 820
820 821
821 822
822 823
823 824
824 825
825 826
826 827
827 828
828 829
829 830
830 831
831 832
832 833
833 834
834 835
835 836
836 837
837 838
838 839
839 840
840 841
841 842
842 843
843 844
844 845
845 846
846 847
847 848
848 849
849 850
850 851
851 852
852 853
853 854
854 855
855 856
856 857
857 858
858 859
859 860
860 861
861 862
862 863
863 864
864 865
865 866
866 867
867 868
868 869
869 870
870 871
871 872
872 873
873 874
874 875
875 876
876 877
877 878
878 879
879 880
880 881
881 882
882 883
883 884
884 885
885 886
886 887
887 888
888 889
889 890
890 891
891 892
892 893
893 894
894 895
895 896
896 897
897 898
898 899
899 900
900 901
901 902
902 903
903 904
904 905
905 906
906 907
907 908
908 909
909 910
910 911
911 912
912 913
913 914
914 915
915 916
916 917
917 918
918 919
919 920
920 921
921 922
922 923
923 924
924 925
925 926
926 927
927 928
928 929
929 930
930 931
931 932
932 933
933 934
934 935
935 936
936 937
937 938
938 939
939 940
940 941
941 942
942 943
943 944
944 945
945 946
946 947
947 948
948 949
949 950
950 951
951 952
952 953
953 954
954 955
955 956
956 957
957 958
958 959
959 960
960 961
961 962
962 963
963 964
964 965
965 966
966 967
967 968
968 969
969 970
970 971
971 972
972 973
973 974
974 975
975 976
976 977
977 978
978 979
979 980
980 981
981 982
982 983
983 984
984 985
985 986
986 987
987 988
988 989
989 990
990 991
991 992
992 993
993 994
994 995
995 996
996 997
997 998
998 999
999 1000
1000 1001
1001 1002
1002 1003
1003 1004
1004 1005
1005 1006
1006 1007
1007 1008
1008 1009
1009 1010
1010 1011
1011 1012
1012 1013
1013 1014
1014 1015
1015 1016
1016 1017
1017 1018
1018 1019
1019 1020
1020 1021
1021 1022
1022 1023
1023 1024
1024 1025
1025 1026
1026 1027
1027 1028
1028 1029
1029 1030
1030 1031
1031 1032
1032 1033
1033 1034
1034 1035
1035 1036
1036 1037
1037 1038
1038 1039
1039 1040
1040 1041
1041 1042
1042 1043
1043 1044
1044 1045
1045 1046
1046 1047
1047 1048
1048 1049
1049 1050
1050 1051
1051 1052
1052 1053
1053 1054
1054 1055
1055 1056
1056 1057
1057 1058
1058 1059
1059 1060
1060 1061
1061 1062
1062 1063
1063 1064
1064 1065
1065 1066
1066 1067
1067 1068
1068 1069
1069 1070
1070 1071
1071 1072
1072 1073
1073 1074
1074 1075
1075 1076
1076 1077
1077 1078
1078 1079
1079 1080
1080 1081
1081 1082
1082 1083
1083 1084
1084 1085
1085 1086
1086 1087
1087 1088
1088 1089
1089 1090
1090 1091
1091 1092
1092 1093
1093 1094
1094 1095
1095 1096
1096 1097
1097 1098
1098 1099
1099 1100
1100 1101
1101 1102
1102 1103
1103 1104
1104 1105
1105 1106
1106 1107
1107 1108
1108 1109
1109 1110
1110 1111
1111 1112
1112 1113
1113 1114
1114 1115
1115 1116
1116 1117
1117 1118
1118 1119
1119 1120
1120 1121
1121 1122
1122 1123
1123 1124
1124 1125
1125 1126
1126 1127
1127 1128
1128 1129
1129 1130
1130 0
63
100.000000 0.000000
99.975021 0.499167
99.900333 0.993347
99.776682 1.477601
99.605305 1.947092
99.387913 2.397128
99.126678 2.823212
98.824211 3.221088
98.483534 3.586780
98.108050 3.916635
97.701512 4.207355
97.267981 4.456037
96.811789 4.660195
96.337494 4.817791
95.849836 4.927249
95.353686 4.987475
94.854002 4.997868
94.355778 4.958324
93.863990 4.869238
93.383552 4.731500
92.919266 4.546487
92.475769 4.316047
92.057494 4.042482
91.668620 3.728526
91.313031 3.377316
90.994282 2.992361
90.715556 2.577507
90.479639 2.136899
90.288888 1.674941
90.145209 1.196247
90.050038 0.705600
90.004324 0.207903
90.008526 -0.291871
90.062601 -0.788728
90.166009 -1.277706
90.317717 -1.753916
90.516208 -2.212602
90.759500 -2.649181
91.045161 -3.059289
91.370338 -3.438831
91.731782 -3.784012
92.125880 -4.091386
92.548696 -4.357879
92.996004 -4.580830
93.463336 -4.758010
93.946021 -4.887651
94.439237 -4.968455
94.938057 -4.999616
95.437495 -4.980823
95.932562 -4.912263
96.418311 -4.794621
96.889889 -4.629073
97.342583 -4.417273
97.771872 -4.161337
98.173464 -3.863822
98.543349 -3.527702
98.877829 -3.156333
99.173564 -2.753428
99.427598 -2.323011
99.637392 -1.869383
99.800851 -1.397077
99.916342 -0.910813
99.982710 -0.415447
63
0 1
1 2
2 3
3 4
4 5
5 6
6 7
7 8
8 9
9 10
10 11
11 12
12 13
13 14
14 15
15 16
16 17
17 18
18 19
19 20
20 21
21 22
22 23
23 24
24 25
25 26
26 27
27 28
28 29
29 30
30 31
31 32
32 33
33 34
34 35
35 36
36 37
37 38
38 39
39 40
40 41
41 42
42 43
43 44
44 45
45 46
46 47
47 48
48 49
49 50
50 51
51 52
52 53
53 54
54 55
55 56
56 57
57 58
58 59
59 60
60 61
61 62
62 0
63
-90.000000 0.000000
-90.024979 0.499167
-90.099667 0.993347
-90.223318 1.477601
-90.394695 1.947092
-90.612087 2.397128
-90.873322 2.823212
-91.175789 3.221088
-91.516466 3.586780
-91.891950 3.916635
-92.298488 4.207355
-92.732019 4.456037
-93.188211 4.660195
-93.662506 4.817791
-94.150164 4.927249
-94.646314 4.987475
-95.145998 4.997868
-95.644222 4.958324
-96.136010 4.869238
-96.616448 4.731500
-97.080734 4.546487
-97.524231 4.316047
-97.942506 4.042482
-98.331380 3.728526
-98.686969 3.377316
-99.005718 2.992361
-99.284444 2.577507
-99.520361 2.136899
-99.711112 1.674941
-99.854791 1.196247
-99.949962 0.705600
-99.995676 0.207903
-99.991474 -0.291871
-99.937399 -0.788728
-99.833991 -1.277706
-99.682283 -1.753916
-99.483792 -2.212602
-99.240500 -2.649181
-98.954839 -3.059289
-98.629662 -3.438831
-98.268218 -3.784012
-97.874120 -4.091386
-97.451304 -4.357879
-97.003996 -4.580830
-96.536664 -4.758010
-96.053979 -4.887651
-95.560763 -4.968455
-95.061943 -4.999616
-94.562505 -4.980823
-94.067438 -4.912263
-93.581689 -4.794621
-93.110111 -4.629073
-92.657417 -4.417273
-92.228128 -4.161337
-91.826536 -3.863822
-91.456651 -3.527702
-91.122171 -3.156333
-90.826436 -2.753428
-90.572402 -2.323011
-90.362608 -1.869383
-90.199149 -1.397077
-90.083658 -0.910813
-90.017290 -0.415447
63
0 1
1 2
2 3
3 4
4 5
5 6
6 7
7 8
8 9
9 10
10 11
11 12
12 13
13 14
14 15
15 16
16 17
17 18
18 19
19 20
20 21
21 22
22 23
23 24
24 25
25 26
26 27
27 28
28 29
29 30
30 31
31 32
32 33
33 34
34 35
35 36
36 37
37 38
38 39
39 40
40 41
41 42
42 43
43 44
44 45
45 46
46 47
47 48
48 49
49 50
50 51
51 52
52 53
53 54
54 55
55 56
56 57
57 58
58 59
59 60
60 61
61 62
62 0
63
5.000000 95.000000
4.975021 95.499167
4.900333 95.993347
4.776682 96.477601
4.605305 96.947092
4.387913 97.397128
4.126678 97.823212
3.824211 98.221088
3.483534 98.586780
3.108050 98.916635
2.701512 99.207355
2.267981 99.456037
1.811789 99.660195
1.337494 99.817791
0.849836 99.927249
0.353686 99.987475
-0.145998 99.997868
-0.644222 99.958324
-1.136010 99.869238
-1.616448 99.731500
-2.080734 99.546487
-2.524231 99.316047
-2.942506 99.042482
-3.331380 98.728526
-3.686969 98.377316
-4.005718 97.992361
-4.284444 97.577507
-4.520361 97.136899
-4.711112 96.674941
-4.854791 96.196247
-4.949962 95.705600
-4.995676 95.207903
-4.991474 94.708129
-4.937399 94.211272
-4.833991 93.722294
-4.682283 93.246084
-4.483792 92.787398
-4.240500 92.350819
-3.954839 91.940711
-3.629662 91.561169
-3.268218 91.215988
-2.874120 90.908614
-2.451304 90.642121
-2.003996 90.419170
-1.536664 90.241990
-1.053979 90.112349
-0.560763 90.031545
-0.061943 90.000384
0.437495 90.019177
0.932562 90.087737
1.418311 90.205379
1.889889 90.370927
2.342583 90.582727
2.771872 90.838663
3.173464 91.136178
3.543349 91.472298
3.877829 91.843667
4.173564 92.246572
4.427598 92.676989
4.637392 93.130617
4.800851 93.602923
4.916342 94.089187
4.982710 94.584553
63
0 1
1 2
2 3
3 4
4 5
5 6
6 7
7 8
8 9
9 10
10 11
11 12
12 13
13 14
14 15
15 16
16 17
17 18
18 19
19 20
20 21
21 22
22 23
23 24
24 25
25 26
26 27
27 28
28 29
29 30
30 31
31 32
32 33
33 34
34 35
35 36
36 37
37 38
38 39
39 40
40 41
41 42
42 43
43 44
44 45
45 46
46 47
47 48
48 49
49 50
50 51
51 52
52 53
53 54
54 55
55 56
56 57
57 58
58 59
59 60
60 61
61 62
62 0
63
5.000000 -95.000000
4.975021 -94.500833
4.900333 -94.006653
4.776682 -93.522399
4.605305 -93.052908
4.387913 -92.602872
4.126678 -92.176788
3.824211 -91.778912
3.483534 -91.413220
3.108050 -91.083365
2.701512 -90.792645
2.267981 -90.543963
1.811789 -90.339805
1.337494 -90.182209
0.849836 -90.072751
0.353686 -90.012525
-0.145998 -90.002132
-0.644222 -90.041676
-1.136010 -90.130762
-1.616448 -90.268500
-2.080734 -90.453513
-2.524231 -90.683953
-2.942506 -90.957518
-3.331380 -91.271474
-3.686969 -91.622684
-4.005718 -92.007639
-4.284444 -92.422493
-4.520361 -92.863101
-4.711112 -93.325059
-4.854791 -93.803753
-4.949962 -94.294400
-4.995676 -94.792097
-4.991474 -95.291871
-4.937399 -95.788728
-4.833991 -96.277706
-4.682283 -96.753916
-4.483792 -97.212602
-4.240500 -97.649181
-3.954839 -98.059289
-3.629662 -98.438831
-3.268218 -98.784012
-2.874120 -99.091386
-2.451304 -99.357879
-2.003996 -99.580830
-1.536664 -99.758010
-1.053979 -99.887651
-0.560763 -99.968455
-0.061943 -99.999616
0.437495 -99.980823
0.932562 -99.912263
1.418311 -99.794621
1.889889 -99.629073
2.342583 -99.417273
2.771872 -99.161337
3.173464 -98.863822
3.543349 -98.527702
3.877829 -98.156333
4.173564 -97.753428
4.427598 -97.323011
4.637392 -96.869383
4.800851 -96.397077
4.916342 -95.910813
4.982710 -95.415447
63
0 1
1 2
2 3
3 4
4 5
5 6
6 7
7 8
8 9
9 10
10 11
11 12
12 13
13 14
14 15
15 16
16 17
17 18
18 19
19 20
20 21
21 22
22 23
23 24
24 25
25 26
26 27
27 28
28 29
29 30
30 31
31 32
32 33
33 34
34 35
35 36
36 37
37 38
38 39
39 40
40 41
41 42
42 43
43 44
44 45
45 46
46 47
47 48
48 49
49 50
50 51
51 52
52 53
53 54
54 55
55 56
56 57
57 58
58 59
59 60
60 61
61 62
62 0
126
10.000000 0.000000
9.987503 0.499792
9.950042 0.998334
9.887711 1.494381
9.800666 1.986693
9.689124 2.474040
9.553365 2.955202
9.393727 3.428978
9.210610 3.894183
9.004471 4.349655
8.775826 4.794255
8.525245 5.226872
8.253356 5.646425
7.960838 6.051864
7.648422 6.442177
7.316889 6.816388
6.967067 7.173561
6.599831 7.512804
6.216100 7.833269
5.816831 8.134155
5.403023 8.414710
4.975710 8.674232
4.535961 8.912074
4.084874 9.127639
3.623578 9.320391
3.153224 9.489846
2.674988 9.635582
2.190067 9.757234
1.699671 9.854497
1.205028 9.927130
0.707372 9.974950
0.207948 9.997838
-0.291995 9.995736
-0.791209 9.968650
-1.288445 9.916648
-1.782461 9.839859
-2.272021 9.738476
-2.755902 9.612752
-3.232896 9.463001
-3.701808 9.289597
-4.161468 9.092974
-4.610727 8.873624
-5.048461 8.632094
-5.473577 8.368988
-5.885011 8.084964
-6.281736 7.780732
-6.662760 7.457052
-7.027131 7.114734
-7.373937 6.754632
-7.702313 6.377647
-8.011436 5.984721
-8.300535 5.576837
-8.568888 5.155014
-8.815822 4.720305
-9.040721 4.273799
-9.243024 3.816610
-9.422223 3.349882
-9.577872 2.874780
-9.709582 2.392493
-9.817022 1.904226
-9.899925 1.411200
-9.958083 0.914646
-9.991352 0.415807
-9.999647 -0.084072
-9.982948 -0.583741
-9.941297 -1.081951
-9.874798 -1.577457
-9.783617 -2.069020
-9.667982 -2.555411
-9.528182 -3.035415
-9.364567 -3.507832
-9.177545 -3.971482
-8.967584 -4.425204
-8.735209 -4.867866
-8.481000 -5.298361
-8.205594 -5.715613
-7.909677 -6.118579
-7.593991 -6.506251
-7.259323 -6.877662
-6.906511 -7.231881
-6.536436 -7.568025
-6.150024 -7.885253
-5.748239 -8.182771
-5.332088 -8.459837
-4.902608 -8.715758
-4.460875 -8.949894
-4.007992 -9.161659
-3.545091 -9.350526
-3.073329 -9.516021
-2.593885 -9.657731
-2.107958 -9.775301
-1.616762 -9.868439
-1.121525 -9.936910
-0.623485 -9.980544
-0.123887 -9.999233
0.376022 -9.992928
0.874990 -9.961646
1.371771 -9.905465
1.865124 -9.824526
2.353814 -9.719031
2.836622 -9.589243
3.312339 -9.435487
3.779777 -9.258147
4.237768 -9.057666
4.685167 -8.834547
5.120855 -8.589345
5.543743 -8.322674
5.952775 -8.035202
6.346929 -7.727645
6.725218 -7.400773
7.086698 -7.055403
7.430464 -6.692399
7.755659 -6.312666
8.061468 -5.917156
8.347128 -5.506855
8.611924 -5.082791
8.855195 -4.646022
9.076333 -4.197640
9.274784 -3.738767
9.450054 -3.270548
9.601703 -2.794155
9.729353 -2.310778
9.832684 -1.821625
9.911439 -1.327919
9.965421 -0.830894
9.994494 -0.331792
126
0 1
1 2
2 3
3 4
4 5
5 6
6 7
7 8
8 9
9 10
10 11
11 12
12 13
13 14
14 15
15 16
16 17
17 18
18 19
19 20
20 21
21 22
22 23
23 24
24 25
25 26
26 27
27 28
28 29
29 30
30 31
31 32
32 33
33 34
34 35
35 36
36 37
37 38
38 39
39 40
40 41
41 42
42 43
43 44
44 45
45 46
46 47
47 48
48 49
49 50
50 51
51 52
52 53
53 54
54 55
55 56
56 57
57 58
58 59
59 60
60 61
61 62
62 63
63 64
64 65
65 66
66 67
67 68
68 69
69 70
70 71
71 72
72 73
73 74
74 75
75 76
76 77
77 78
78 79
79 80
80 81
81 82
82 83
83 84
84 85
85 86
86 87
87 88
88 89
89 90
90 91
91 92
92 93
93 94
94 95
95 96
96 97
97 98
98 99
99 100
100 101
101 102
102 103
103 104
104 105
105 106
106 107
107 108
108 109
109 110
110 111
111 112
112 113
113 114
114 115
115 116
116 117
117 118
118 119
119 120
120 121
121 122
122 123
123 124
124 125
125 0
2
0 0
-100 150
1
0 1
2
-100 150
-70 150
1
0 1
2
-70 150
0 0
1
0 1
2
0 0
100 150
1
0 1
2
100 150
70 150
1
0 1
2
70 150
0 0
1
0 1
2
7.07107 7.07107
63.63961 63.63961
1
0 1
2
-7.07107 7.07107
-63.63961 63.63961
1
0 1
2
7.07107 -7.07107
63.63961 -63.63961
1
0 1
2
-7.07107 -7.07107
-63.63961 -63.63961
1
0 1
2
91.46447 3.53553
98.53553 -3.53553
1
0 1
2
98.53553 3.53553
91.46447 -3.53553
1
0 1
2
3.53553 91.46447
-3.53553 98.53553
1
0 1
2
3.53553 98.53553
-3.53553 91.46447
1
0 1
2
-91.46447 3.53553
-98.53553 -3.53553
1
0 1
2
-98.53553 3.53553
-91.46447 -3.53553
1
0 1
2
3.53553 -91.46447
-3.53553 -98.53553
1
0 1
2
3.53553 -98.53553
-3.53553 -91.46447
1
0 1
